SurfList
Surf_1
447.82990,1917.59610,110.00000,-0.36626,0.93051,0.26795
897.75050,2084.84050,110.00000,-0.36626,0.93051,0.26795
1122.59750,2168.76720,110.00000,-0.36626,0.93051,0.26795
1458.37910,2298.56000,110.00000,-0.36626,0.93051,0.26795
1746.18850,2413.73510,110.00000,-0.36626,0.93051,0.26795
2026.80510,2510.48320,110.00000,-0.36626,0.93051,0.26795
2466.27320,2676.18030,110.00000,-0.36626,0.93051,0.26795
2991.12500,2829.36300,110.00000,-0.36626,0.93051,0.26795
-0.000000082860772844265078576516
0.000024755613844295715740301961
-0.000122357097277709780253074356
-0.000033056850507290947728793878
-0.000000225083476326839902411942
-0.000053263809330221196321111105
-0.000019842503318074817294895673
0.000000000859056197247134191994
0.000000260601496493563892759384
-0.000042589933666252345731331047
-0.000015937948825259446919812636
0.000000005410546839360640755258
0.000000106398113360449243077149
0.000000499453399176278128162047
0.000000460899731982271638545788
0.000000012561757023678239142378
-0.000000546683545063386033839223
-0.000059815140984650551510531241
-0.000020468344026174506162640138
-0.000000026577234571912700831392
0.000000422210574924807761742199
-0.000082915260612857644042898719
-0.000028663764243044252282054465
0.000000032407988552241510810390
-0.000000238607683566724654733205
-0.000093934214501134436934789984
-0.000029380783300758257081805244
-0.000000063599313780084280141814
0.000000304025282916229545157383
-0.000036509406176874902201501261
-0.000138328444969294030728393374
-0.000033020647525227548387156962
ENDSurf
ENDSurfList
