SurfList
Surf
1270.86720,1607.52340,-337.88110,0.00000,0.00000,1.00000
1281.07030,1607.77340,-337.83890,0.00000,0.00000,1.00000
1291.20310,1608.01950,-340.01820,0.00000,0.00000,1.00000
1305.83590,1608.37500,-343.28910,0.00000,0.00000,1.00000
1322.78910,1608.78130,-344.32760,0.00000,0.00000,1.00000
1339.65630,1609.21880,-347.58410,0.00000,0.00000,1.00000
1359.96090,1609.73830,-348.60340,0.00000,0.00000,1.00000
1377.93750,1610.16410,-352.96540,0.00000,0.00000,1.00000
1395.96880,1610.59770,-353.99370,0.00000,0.00000,1.00000
1408.28910,1610.89840,-358.37840,0.00000,0.00000,1.00000
1417.30470,1611.12110,-358.33590,0.00000,0.00000,1.00000
1430.78910,1611.44530,-360.49320,0.00000,0.00000,1.00000
1449.85940,1611.90630,-364.84360,0.00000,0.00000,1.00000
1466.65630,1612.32420,-374.31470,0.00000,0.00000,1.00000
1264.85160,1607.37500,-353.02760,0.00000,0.00000,1.00000
1806.11720,1620.64840,-397.33080,0.00000,0.00000,1.00000
1830.01560,1621.26950,-394.67040,0.00000,0.00000,1.00000
1853.95310,1621.86720,-399.42950,0.00000,0.00000,1.00000
1881.35160,1622.51170,-404.14180,0.00000,0.00000,1.00000
1910.53130,1623.23050,-412.26220,0.00000,0.00000,1.00000
1934.56250,1623.82420,-415.32830,0.00000,0.00000,1.00000
1963.75000,1624.53520,-416.60340,0.00000,0.00000,1.00000
1998.14840,1625.38280,-419.51980,0.00000,0.00000,1.00000
2018.77340,1625.88670,-419.20940,0.00000,0.00000,1.00000
2044.60160,1626.52340,-420.54010,0.00000,0.00000,1.00000
2075.75780,1627.29300,-428.67800,0.00000,0.00000,1.00000
2106.89060,1628.03910,-433.38320,0.00000,0.00000,1.00000
2139.84380,1628.83200,-439.79540,0.00000,0.00000,1.00000
2165.89840,1629.49220,-444.59450,0.00000,0.00000,1.00000
2185.25000,1629.99220,-460.42170,0.00000,0.00000,1.00000
1238.87500,1842.08200,-445.38240,0.00000,0.00000,1.00000
1245.97660,1842.26950,-437.38450,0.00000,0.00000,1.00000
1265.37500,1842.76950,-437.01870,0.00000,0.00000,1.00000
1290.50000,1843.37890,-438.41670,0.00000,0.00000,1.00000
1310.96880,1843.88670,-438.18440,0.00000,0.00000,1.00000
1330.52340,1844.37890,-437.82030,0.00000,0.00000,1.00000
1347.22660,1844.79300,-437.06740,0.00000,0.00000,1.00000
1368.91410,1845.32810,-435.97520,0.00000,0.00000,1.00000
1389.47660,1845.84770,-436.72620,0.00000,0.00000,1.00000
1422.83590,1846.67190,-438.18480,0.00000,0.00000,1.00000
1441.80470,1847.14840,-436.69590,0.00000,0.00000,1.00000
1457.89060,1847.54690,-434.81250,0.00000,0.00000,1.00000
1476.58590,1847.99220,-436.30390,0.00000,0.00000,1.00000
1498.50000,1848.55470,-436.19380,0.00000,0.00000,1.00000
1529.58590,1849.32420,-435.27230,0.00000,0.00000,1.00000
1557.97660,1850.03910,-432.95020,0.00000,0.00000,1.00000
1590.85160,1850.83200,-435.29120,0.00000,0.00000,1.00000
1615.89840,1851.46480,-436.57820,0.00000,0.00000,1.00000
1656.37500,1852.44920,-436.84340,0.00000,0.00000,1.00000
1695.38280,1853.44140,-434.82170,0.00000,0.00000,1.00000
1719.20310,1854.00780,-432.82930,0.00000,0.00000,1.00000
1747.96880,1854.72270,-432.50110,0.00000,0.00000,1.00000
1790.39060,1855.75780,-437.07780,0.00000,0.00000,1.00000
1827.74220,1856.70700,-442.00810,0.00000,0.00000,1.00000
1868.62500,1857.75390,-445.32510,0.00000,0.00000,1.00000
1915.50780,1858.86330,-445.27340,0.00000,0.00000,1.00000
1950.39840,1859.74220,-448.82490,0.00000,0.00000,1.00000
1976.36720,1860.36720,-450.15910,0.00000,0.00000,1.00000
2014.96090,1861.34380,-452.09110,0.00000,0.00000,1.00000
2040.07810,1861.97270,-457.29440,0.00000,0.00000,1.00000
1245.55470,2033.59380,-449.48870,0.00000,0.00000,1.00000
1254.45310,2033.87110,-447.90360,0.00000,0.00000,1.00000
1268.71880,2034.21880,-450.28390,0.00000,0.00000,1.00000
1284.67970,2034.60160,-452.64790,0.00000,0.00000,1.00000
1308.20310,2035.17970,-454.08670,0.00000,0.00000,1.00000
1323.33590,2035.55470,-453.92460,0.00000,0.00000,1.00000
1351.93750,2036.28130,-454.46440,0.00000,0.00000,1.00000
1375.53910,2036.86330,-457.60010,0.00000,0.00000,1.00000
1406.75000,2037.60160,-457.26880,0.00000,0.00000,1.00000
1450.64840,2038.72270,-455.95340,0.00000,0.00000,1.00000
1474.33590,2039.28910,-456.55010,0.00000,0.00000,1.00000
1498.89060,2039.88670,-457.98740,0.00000,0.00000,1.00000
1513.92970,2041.24220,-459.51720,0.00000,0.00000,1.00000
1533.92970,2043.43750,-452.46380,0.00000,0.00000,1.00000
1557.52340,2045.82030,-453.88650,0.00000,0.00000,1.00000
1576.18750,2047.49610,-453.66600,0.00000,0.00000,1.00000
1599.25000,2049.37500,-456.83720,0.00000,0.00000,1.00000
1618.03910,2052.09770,-456.61030,0.00000,0.00000,1.00000
1637.10940,2049.98830,-457.30040,0.00000,0.00000,1.00000
1660.26560,2044.51950,-456.26920,0.00000,0.00000,1.00000
1688.39060,2044.61720,-455.97860,0.00000,0.00000,1.00000
1709.72660,2045.14840,-455.75250,0.00000,0.00000,1.00000
1727.65630,2045.60550,-455.56230,0.00000,0.00000,1.00000
1753.32810,2046.25000,-457.85010,0.00000,0.00000,1.00000
1767.86720,2046.61330,-457.69670,0.00000,0.00000,1.00000
1783.27340,2047.00390,-457.53410,0.00000,0.00000,1.00000
1796.14060,2047.30080,-459.10680,0.00000,0.00000,1.00000
1808.05470,2047.58200,-453.85620,0.00000,0.00000,1.00000
1822.63280,2047.93750,-454.55590,0.00000,0.00000,1.00000
1843.24220,2048.45310,-456.04700,0.00000,0.00000,1.00000
1893.86720,2049.69920,-452.94560,0.00000,0.00000,1.00000
1905.03910,2049.97660,-452.82690,0.00000,0.00000,1.00000
1926.54690,2050.51560,-452.59860,0.00000,0.00000,1.00000
1939.46090,2050.82810,-452.46170,0.00000,0.00000,1.00000
1954.96880,2051.19530,-453.15370,0.00000,0.00000,1.00000
1977.39060,2051.74610,-453.77300,0.00000,0.00000,1.00000
2001.54690,2052.35550,-453.51730,0.00000,0.00000,1.00000
2016.22660,2052.72270,-453.36190,0.00000,0.00000,1.00000
2031.50780,2051.22660,-457.22080,0.00000,0.00000,1.00000
500.00000,600.00000,-700.00000,0.00000,0.00000,1.00000
500.00000,3750.00000,-700.00000,0.00000,0.00000,1.00000
3150.00000,3750.00000,-700.00000,0.00000,0.00000,1.00000
3150.00000,600.00000,-700.00000,0.00000,0.00000,1.00000
-0.003241228629215303636001976884
0.012525817817324069389228746729
0.000263452410268691535315949137
0.023583407164860840932174568252
-0.002234157677049898420296170087
-0.009222299109578609849213748362
-0.000203223614190877778767213568
0.004875125269831774230122611868
0.000920689028821778006339560108
-0.016568649907490854561453730298
-0.000409702839936175260658612896
0.005219480047748945722441149542
0.000763150675344787671194879408
-0.008793357780378726826220336932
-0.000263956550381428561337371352
0.002084650849902655589396260893
-0.000429862391047570395041094171
-0.007245706616447392459101628504
-0.000218551241429323298958581345
0.000787117195013993498596549525
0.000521838527545435558636921503
-0.006633888415394272909664241666
-0.000242340759290334884813733485
0.001170447146332167327395512579
-0.000568212948143494069735970342
-0.007443078682458630079832317961
-0.000217773724187190429726554419
0.001371106652572736490577898216
0.000513933166137472865857283022
-0.007744084586562703827194997785
-0.000255861549473728583890819177
0.001714064649211754186308720449
-0.001785113916044107386371653234
-0.013674635629507105386015730630
-0.000347827544897116945187692805
0.004213048756747586089110857444
0.002015500666312646047689804973
-0.011783237275584007228146354862
-0.000352728700639964355429550880
0.004443885704270360628709291007
-0.000903374511056842435102742783
-0.005453904481742078390327232995
-0.000144745164365597681413455611
0.000897144556604035758179405136
0.000265237716179013535873487672
-0.011249770989692381081836991541
-0.000307024880964962959811054288
0.002151588050249088595461399720
-0.000739163007857149539220342760
-0.016660587467877307349395366032
-0.000438522905362319023476330715
0.007414348614048309887847310051
0.001316300959112615782606314774
-0.011260918224951892152585486429
-0.000610524294695084400116935619
0.006455590555621459197821465636
0.003572845977627433708412318936
0.011888997745179014087213431594
-0.000066350072658376955015042953
0.026644730776295318108726206674
0.000189577755815588085488987424
0.002300607129894987213508672497
-0.000160365233690316325194935576
0.000332459850970714585437215671
-0.000518375320625789870986055430
-0.001632847853726419407385805904
-0.000064014926533851365230559649
0.000964916427967914486565903509
0.000107497982694336769999947367
-0.006912948245344740540174743870
-0.000207048286587984206466930837
0.001309786856556050546954161895
-0.000073279479165579231654710501
-0.007265185855837508026311422071
-0.000215916224668341708058452721
0.001685126580382768001972748628
0.000076113004780566318125192837
-0.006840639421186166593824573567
-0.000214178750753537389377861855
0.001548670046168461669755522792
0.000164002393811797279139438888
-0.003331886643394956718650101735
-0.000122398297480618605329039106
0.000383068339631439100986115553
-0.000020113981404363549847702161
-0.001963290294721962460366970760
-0.000089605472219730447841837262
0.000131149022893212500139037413
0.000105810107723966376029600678
-0.000851243308534483452028329697
-0.000058546370571609691738686893
0.000133597914385437242139678671
-0.000112456933042591182450413434
-0.000627860500612392844095588362
-0.000042243781190454157106924094
0.000048653258360974144898156157
-0.000166929590597047708020947421
-0.004792224398196422326112742240
-0.000147972125586540013313444075
0.001000882859763135715805426607
0.000092610118892324556644918276
-0.006132329796098866248055259121
-0.000183070306870332659594791114
0.001367856543572455903234885710
-0.000018912234449414564905166125
-0.005135210701896900271912205227
-0.000147216192893174341836670660
0.000888544473282711641873299335
-0.000090067579651852019994619225
-0.006137899933131593308011098031
-0.000167726895213139444006794632
0.001270041298607278625748540080
-0.000753566610675755516220164498
-0.013193021880996134639896233409
-0.000339122198456849339304186586
0.008543211652065854644355624714
0.001012798806928493942566826824
-0.009824393406607526135765340314
-0.000213221704727531007625765391
0.008028205465688487835196340825
0.006541432161068972198081361569
0.023291112526590510012347579050
0.000386631371535732320209033386
0.026035357136822534496189973652
-0.006464665381611487716961850225
0.023827330894753924461770822063
0.000398071414248865737203764148
0.025931933535527588313707170187
-0.000162977322074850725216674241
-0.000466943650947638014530455264
-0.000114222323921673939812679310
0.000770426417420937603881825329
0.000116127461971413944259376438
-0.000823797929644487286413023774
-0.000123302638845330253276194599
0.000083175843964156727936357094
0.000021896561050411148603885014
0.000754816868350449547177272169
-0.000091677047292949351959233384
0.000004468784789431446480615067
0.000112441290553030233422861228
0.001821348114014046878916808225
-0.000057249213289692745128788010
0.000080377461210452051817119956
-0.000054249334288422011989428545
0.002501536200389668351123928502
-0.000054279623110709270352759737
0.000138111519105003753169966241
-0.000192431752090850820974266000
0.000273464145838180842495307443
-0.000137118665566363995885618143
0.000121528405615498876846461429
0.000047025031191747187803327279
-0.001532872272881171662670118927
-0.000201580545762091990725714541
0.000097220245679780333209266119
0.000254828959770573800804049913
0.001398706009546809301072323173
-0.000104946098645118814736074131
0.000219778115879894529001090109
0.000226878014153601459705275611
0.005610748502675657646554530089
0.000044025413805489670084243603
0.000600636957993880499576122567
-0.000668528743523348731488120666
0.001453204008630411313632291304
-0.000077024050031765974987790768
0.000609397182746425109152454969
0.000236096820525142687572858757
-0.001993834622378018797683729701
-0.000143754319123675814795851324
0.000191983777255676360063221808
0.000019941683303920675795128589
0.000592655019926262662845195539
-0.000111977383705180911924528808
0.000042117470888288583916181373
0.000069528168309783132416436457
0.001902322843837215291321052213
-0.000081230088490664116638965975
0.000159997398102891655357130074
-0.000165688755340184378124501752
0.000353526777858226835034999302
-0.000119252822862485888992870042
0.000213090716748288441307127017
-0.000016406968571428317686970375
-0.002090864340256775449899961927
-0.000155594289889854798126372915
0.000146195492729628262994212573
0.000077094732637103278245944982
-0.001099579844244636490577238241
-0.000142146679215805673418548949
0.000070549602202993178900851390
0.000037278050891335936232497128
0.000583157014086037729476419411
-0.000124868778946428203970378523
0.000054749116998904088962196041
0.000111363588937133921471199505
0.002400099652479782165459543108
-0.000055453549764892565122290785
0.000194185613550579549155608583
-0.000132290736251234778775645595
0.001936042276509206822021624816
-0.000056398503792202289122865999
0.000156028750622256982176841444
-0.000072909942081492802243292140
-0.001046050997750590239032675299
-0.000175313225476984922528156385
0.000154011812957696020680992133
-0.000033411408908505860464871473
-0.002960239603780733235599553765
-0.000245105892847429093165528835
0.000390150465653609933216333649
0.000044037887930740800463726148
-0.002694280236940703888298687119
-0.000225274430929285905721506933
0.000334955674734494900784964599
0.000048595337718729580197152967
-0.000964799356647045571952481247
-0.000168017573516855901099090187
0.000103063103467800190387801407
-0.000082487386532135344575748792
-0.001420231978720909319161003204
-0.000145564037110218534674249691
0.000162046395358474257415715147
0.000006622275734910125427948573
-0.002417377139798197824976933035
-0.000123103993978280709144235150
0.000204551529225280000548470305
0.000042656390609602557752698393
-0.001627193140583526893144794556
-0.000105025270409424444214771532
0.000091728772862397560893497894
-0.000274211220873844991902795742
-0.004511560994797959682489629785
-0.000183455283858875354109987943
0.000845208256938176317671351789
0.000308519319299945307937677041
-0.003864541694474143539855814922
-0.000218985749705686980797272878
0.000843605658508731360428756219
0.002143522656683088251083901810
0.009562106751761247774856755655
0.000252350863754349059257103827
0.001743411738120823409325943487
-0.002928953458325953777136030354
0.003931948090885258734195062402
0.000142479886868421490786137951
0.002611543459534269168154096974
0.000223802909054399758745704241
-0.010090267769361093916358207423
-0.000263858600655077657915620337
0.001614886900206353743253417932
0.000452958607782009557880809059
-0.005778501911448085531786134084
-0.000170852356442150436635976640
0.000735939519300211246813359089
0.000157018396407753363158352200
-0.000938109160972450876851691515
-0.000057662106634295216258875860
0.000073766010823493886926563445
-0.000069235581689640015483691582
0.000026383134515149020860470125
-0.000042273149769731393251680912
0.000006559791002199642740919105
-0.000208459465018457067728499532
-0.003067540166744467302478716064
-0.000128456660295931854830209229
0.000373295719571852945440487703
0.000243707717052912641421749673
-0.002568121755970908734467705870
-0.000118630325200935781478767117
0.000351446131555473162411118437
0.000005511622548665834747650110
0.000514132714969980832847573637
-0.000062337078021046054524152702
0.000005424597096926539022989072
-0.000059580929610659977095892675
-0.000191188571019332688525477204
-0.000069638406840243433017396957
0.000023293771770382165538790589
-0.000051151634944309259879664797
-0.001714211123999938995998704172
-0.000086305421071231912841063838
0.000085032444301335097821929743
-0.000339603664973388101860213295
-0.004464349222806222525217201280
-0.000388989160705595436295228806
0.000462748563611633243527337944
0.001164731283746926141647870523
0.003997741810217106048219726233
0.000462926213464488495868964790
0.002819403673880687202779604661
-0.000832944190598327986220505981
0.006023939470997959240439190154
0.000626906216157785780608568960
0.002655153220663637476245400038
0.000139848495288671492275262009
-0.000933415672475966995066953835
-0.000132292201635237884537951714
0.000105371362736820606362947439
-0.000282024952124677408347303009
-0.002554131826583051420587189284
-0.000242947364185080641853578531
0.000395757342497917666973572537
0.000282562778181243384571785793
-0.002553727741869600467022882739
-0.000239591045576584163543515382
0.000397752896844343767097235132
-0.000130947340034079498299543487
-0.000619364468260325115242515004
0.000196682162793161653333018357
0.000035857557689635932533789298
0.000173940559619816637699704631
-0.000043346545010398033017685882
-0.000092981695665695659027208397
0.000066315622473576960375050982
-0.000062329722219976618790594769
0.001055084497052139868439324388
-0.000332260025685238136704258149
0.000048287969358353399935979144
0.000010784011317275562556283579
0.000432130102023158121568591206
-0.000050485037903755155533000454
0.000006344998770918756107663628
0.000010226814111500398383645602
0.000544434782912308549811253311
-0.000029512115165297411642194095
0.000006347585334434348713764703
-0.000165836237747080068654845220
-0.001415338325469741578496729595
-0.000087591652764897780843872388
0.000169575686985666800998123760
0.000183919417765166887069813728
-0.001351502616561411169657236364
-0.000077482306410661913359701203
0.000138892643751852874756114176
-0.000004949133674566058295170648
0.000706057718897832057788899185
-0.000014110641415333322753957075
-0.000021737396266702907997314664
-0.000761596460487166211292264784
-0.004263624371724249184634203402
-0.000124830623980966840457992872
0.000759985864537983217548156034
0.003093721595216838721881247309
0.009542288076418780490284277107
0.000212607350704075364700509909
0.006628210991642296753822982680
-0.002599543083490794305456805802
0.012509724719987139196497594185
0.000266162254779860854743411824
0.006300526643940798122989210839
0.000054981871127943476482927837
-0.003369547947172194489462437872
-0.000105668507461388332005318424
0.000275223933039639315299013100
0.000193087183318926787012684287
-0.001135625313957352435986769557
-0.000062874845847691538660781396
0.000161978394193550400683920265
0.000061548004256257931123864913
0.001075697149397872353152050273
-0.000000185194690998161464456104
0.000031986701701235347274684256
-0.000061947181896229640773142433
0.000722121503527332073493760767
0.000005149765590663356525666459
0.000005785556059218920837777193
0.000040754473506027074833617946
0.000656584501892196301282844662
0.000003327129241700813422723867
0.000005143995955493982886953981
-0.000248201566938560094430221703
-0.001022957573978030155342766605
-0.000034040277087658521958362517
0.000065643206372651628473582908
0.000130189736321164315543258416
-0.002047493803376904987489925958
-0.000060882749725392571534150765
0.000078624866524262552384787195
0.000073135300859680305442071802
-0.000395608075432458223749665471
-0.000020291601707401232926363324
0.000018711655346987368035271276
0.000030882578332642213084051341
0.000578121280700814822381405911
0.000014386775011608800837374991
0.000016746203335043432239509845
-0.001021394464164546763557117615
-0.007072278322258544053235951310
0.000736954752565058398769415327
0.001862347186986707025038723096
0.000972408035714634067653294736
-0.007440732111034091024459602437
0.000734806733729648719165294946
0.001881599244461899149774564144
0.000000128065581917627682892347
0.000033218040164736621210495732
0.000071699536374908009388022545
-0.000016582775083284600743747245
0.000000039033998534704817728053
0.000015155298190474202901247523
-0.000026722791262344009768046893
-0.000034913048961972872582040783
0.000000026757328221830475636218
-0.000010845279195936803376637374
-0.000019518317297634562700742178
-0.000039565093552200015331824640
0.000000055360345449628297304854
-0.000016988756781116631891818611
0.000039317343535784654584303716
-0.000042282722942094046560991549
ENDSurf
Surf
1466.65630,1612.32420,-366.31470,0.00000,0.00000,1.00000
1459.81250,1612.14840,-377.02260,0.00000,0.00000,1.00000
1439.48440,1611.65230,-380.47070,0.00000,0.00000,1.00000
1429.29690,1611.41020,-382.75430,0.00000,0.00000,1.00000
1413.48440,1611.02730,-382.83960,0.00000,0.00000,1.00000
1399.95310,1610.69530,-381.79710,0.00000,0.00000,1.00000
1389.77340,1610.44920,-381.85170,0.00000,0.00000,1.00000
1370.56250,1609.98830,-380.83830,0.00000,0.00000,1.00000
1349.11720,1609.46090,-377.60300,0.00000,0.00000,1.00000
1331.04690,1608.99610,-375.46550,0.00000,0.00000,1.00000
1292.86720,1608.06250,-361.15280,0.00000,0.00000,1.00000
1272.59380,1607.56640,-355.67520,0.00000,0.00000,1.00000
1264.85160,1607.37500,-345.02760,0.00000,0.00000,1.00000
2185.25000,1629.99220,-452.42170,0.00000,0.00000,1.00000
2169.79690,1629.59380,-461.84010,0.00000,0.00000,1.00000
2136.91410,1628.75780,-462.31420,0.00000,0.00000,1.00000
2105.67970,1628.00780,-467.57680,0.00000,0.00000,1.00000
2076.21880,1627.30470,-472.82110,0.00000,0.00000,1.00000
2048.61720,1626.62110,-473.22380,0.00000,0.00000,1.00000
2007.24220,1625.60550,-473.82830,0.00000,0.00000,1.00000
1979.68750,1624.92970,-475.73070,0.00000,0.00000,1.00000
1943.54690,1624.04300,-475.75860,0.00000,0.00000,1.00000
1917.71090,1623.41410,-466.96510,0.00000,0.00000,1.00000
1898.78910,1622.93360,-466.79740,0.00000,0.00000,1.00000
1878.13280,1622.43750,-458.49970,0.00000,0.00000,1.00000
1859.22660,1621.99610,-450.19090,0.00000,0.00000,1.00000
1842.05470,1621.58200,-428.44070,0.00000,0.00000,1.00000
1806.11720,1620.64840,-389.33080,0.00000,0.00000,1.00000
2040.07810,1861.97270,-449.29440,0.00000,0.00000,1.00000
2030.29690,1861.73050,-459.35550,0.00000,0.00000,1.00000
2004.14060,1861.07030,-463.23400,0.00000,0.00000,1.00000
1980.55470,1860.47270,-465.33890,0.00000,0.00000,1.00000
1965.21880,1860.10160,-468.51380,0.00000,0.00000,1.00000
1942.40630,1859.54690,-467.56690,0.00000,0.00000,1.00000
1918.60940,1858.94140,-466.49150,0.00000,0.00000,1.00000
1891.85160,1858.30080,-465.00980,0.00000,0.00000,1.00000
1860.74220,1857.56250,-465.00990,0.00000,0.00000,1.00000
1815.98440,1856.39450,-461.13620,0.00000,0.00000,1.00000
1784.10940,1855.60160,-461.01450,0.00000,0.00000,1.00000
1763.88280,1855.10940,-459.34830,0.00000,0.00000,1.00000
1718.05470,1853.98050,-458.36820,0.00000,0.00000,1.00000
1678.57810,1853.01560,-457.18800,0.00000,0.00000,1.00000
1654.12500,1852.39450,-458.00330,0.00000,0.00000,1.00000
1618.87500,1851.53910,-457.35610,0.00000,0.00000,1.00000
1589.96090,1850.80860,-455.51890,0.00000,0.00000,1.00000
1553.96880,1849.93750,-454.74690,0.00000,0.00000,1.00000
1509.17970,1848.81640,-453.79180,0.00000,0.00000,1.00000
1473.99220,1847.92970,-457.11580,0.00000,0.00000,1.00000
1446.37500,1847.26170,-456.40770,0.00000,0.00000,1.00000
1414.21880,1846.45700,-453.08140,0.00000,0.00000,1.00000
1378.92970,1845.58200,-452.32520,0.00000,0.00000,1.00000
1353.62500,1844.94920,-450.90760,0.00000,0.00000,1.00000
1329.14060,1844.34770,-451.58560,0.00000,0.00000,1.00000
1307.90630,1843.80860,-449.71270,0.00000,0.00000,1.00000
1278.07810,1843.08590,-446.67440,0.00000,0.00000,1.00000
1238.87500,1842.08200,-437.38240,0.00000,0.00000,1.00000
2031.50780,2051.22660,-449.22080,0.00000,0.00000,1.00000
2024.10940,2052.54300,-469.57480,0.00000,0.00000,1.00000
2001.03910,2052.33980,-471.53340,0.00000,0.00000,1.00000
1968.27340,2051.51560,-473.58380,0.00000,0.00000,1.00000
1923.51560,2050.44140,-475.75530,0.00000,0.00000,1.00000
1895.97660,2049.75390,-476.03550,0.00000,0.00000,1.00000
1875.32810,2049.23830,-475.38950,0.00000,0.00000,1.00000
1845.26560,2048.50000,-475.69600,0.00000,0.00000,1.00000
1819.52340,2047.86330,-475.95840,0.00000,0.00000,1.00000
1792.09380,2047.20700,-475.38390,0.00000,0.00000,1.00000
1762.97660,2046.48830,-475.68110,0.00000,0.00000,1.00000
1732.20310,2045.71880,-476.84910,0.00000,0.00000,1.00000
1704.86720,2045.02730,-477.98080,0.00000,0.00000,1.00000
1687.76560,2044.60160,-475.59550,0.00000,0.00000,1.00000
1668.14840,2044.10550,-475.79600,0.00000,0.00000,1.00000
1639.04690,2049.63280,-477.07170,0.00000,0.00000,1.00000
1621.63280,2052.66020,-472.99370,0.00000,0.00000,1.00000
1590.00000,2048.64840,-473.27620,0.00000,0.00000,1.00000
1555.14840,2045.60550,-473.60570,0.00000,0.00000,1.00000
1522.36720,2042.16800,-473.05550,0.00000,0.00000,1.00000
1492.22660,2039.71880,-475.04510,0.00000,0.00000,1.00000
1458.36720,2038.91410,-476.24280,0.00000,0.00000,1.00000
1429.63280,2038.17970,-476.53730,0.00000,0.00000,1.00000
1400.08590,2037.43750,-476.84020,0.00000,0.00000,1.00000
1379.81250,2036.96480,-474.50480,0.00000,0.00000,1.00000
1358.72660,2036.46090,-472.17990,0.00000,0.00000,1.00000
1338.51560,2035.93360,-470.69480,0.00000,0.00000,1.00000
1316.64060,2035.39060,-469.22890,0.00000,0.00000,1.00000
1298.14060,2034.92970,-466.88290,0.00000,0.00000,1.00000
1281.32810,2034.51950,-465.36720,0.00000,0.00000,1.00000
1272.08590,2034.30080,-462.92720,0.00000,0.00000,1.00000
1256.96880,2033.93360,-462.24130,0.00000,0.00000,1.00000
1245.55470,2033.59380,-441.48870,0.00000,0.00000,1.00000
500.00000,600.00000,0.00000,0.00000,0.00000,1.00000
500.00000,3750.00000,0.00000,0.00000,0.00000,1.00000
3150.00000,3750.00000,0.00000,0.00000,0.00000,1.00000
3150.00000,600.00000,0.00000,0.00000,0.00000,1.00000
-0.005232171475086438809654065807
0.018026534944512503239044676207
0.000275845595377008693215026280
0.027724865618444151371679851081
0.004809232097356125855414088477
0.021935256735276516953936365439
0.000345670761376897851032546916
0.028511267739413818228522146114
-0.001584952748256985167324417674
0.014224649411932655321266771864
0.000318762522307543510590582825
0.003864798614992061200762440976
0.001981809431456861732290253286
0.010414796548875884449336659543
0.000169105029551565880447175361
0.002117774762533575997475177033
0.000437633343290287624410134226
-0.002646462122799351449758953336
-0.000122108291240671015115415443
0.000250754847015136202951351985
-0.000468560963215403027039979156
-0.002552341581105779886456952354
-0.000081502064869400602225429919
0.000278366196308005439067484454
0.000193292152380382365427224922
-0.001100602726662179868186153264
-0.000081641895722430566782919226
0.000070528261265000613978309874
0.000173777374060337378618504300
-0.004760554608774432948370414209
-0.000198130135936249075637519135
0.000592050413180491338221989039
0.000037052702176736166089342922
-0.006594186177095967375805241062
-0.000221094317218158609075068233
0.000928912083577603550459123039
-0.000144798911766440903566011134
-0.007239875525615410353785783570
-0.000314759057597850818409346285
0.001839614719198230533350746363
0.000389921273468694354249336476
-0.009972165235503548802453721578
-0.000306285418053085746123431754
0.003581690452504491996993385428
0.004069335899451687055261572823
-0.024054773102487360392220949734
-0.000767476615928634926799833949
0.026453287225035402446815524513
-0.004673622744131707314185764091
-0.018168333140978806805598821938
-0.000691928494120079887706731281
0.024728406304432973272788842678
-0.001588075678726636949522621478
0.012297962279402831556329722673
0.000270110880324719534496813456
0.007552063288755579695266106910
0.001573833111118563745506326867
0.012529213671704498428427498880
0.000332498248905277113407485956
0.007340000055590187137688484853
-0.000151044670808686321049688073
0.002809034075430176177756713685
0.000091710142164409856960216594
0.000567742297875028557353760394
-0.000029728297848259193210352855
0.005466603766074094351845591433
0.000158252019614166223151000001
0.000935236237761948572579095984
0.000176681343017047991087245529
0.003148927351006845700570613289
0.000102345809319763614395233653
0.000466725291022895643310020031
0.000010888009651539280622876277
0.000439132642065083239266143345
0.000038619239230304651193902143
0.000010987056112180823165395439
-0.000081457404391836399229834265
0.001417786944908747473470533862
0.000053209461443599007513926419
0.000120655171936474161858109111
0.000089748622666450676341708126
0.001253007758749760062327860410
0.000037647446853233920195398038
0.000083808398373079025993163949
0.000432906173372808072193768103
-0.005603439132789702833981060337
-0.000141005357186150864692159024
0.001756719686101318239276891653
-0.000406403139734853250785578949
-0.005798055526865409682601981700
-0.000140881205987016921554050297
0.002115664132755336410834923200
0.000725824745197418985144521830
-0.008032523721638951466617051267
-0.000210439067306624611169291184
0.002978095238124643748950370892
0.000192519505906724110351480039
-0.016646630956007869156509926256
-0.000408273197041598436517195747
0.007124073373711331709501326515
0.000077379036699273074989199883
-0.017707387381089092354136127483
-0.000482716404796510660350772337
0.014982951297199183227082386338
-0.000762310747852486844493291596
-0.013506534727999494616135223168
-0.000398061552889833589110452072
0.016179496751602382570434102149
-0.000262860993497495061023416785
-0.004615409803334104971161977460
-0.000423833123564614194355576471
0.005168749951448554751098907190
-0.003642052294140731092536578117
0.017812657199253813938844004383
0.000530736360260494906791739478
0.018359280594980327550036491857
0.003427301007476750774327634019
0.020606925318610486846937490668
0.000525164841899525302627849133
0.018591882801204207692480352421
0.000056229248811270509712540583
0.004617327762984114319921857827
0.000134242565472078741444644789
0.000806233452955657957025858984
-0.000668029057428490237111051719
0.008193101919737641458674204387
0.000205184850895387074385875503
0.001528301283945757670090781488
0.000904999779522410786360142598
0.005437024010941933493956668144
0.000138814707097427176424320194
0.001248554497437916405502833506
-0.000000359043501557893815612070
-0.001851104514030988681602685197
-0.000050449312693502741298222369
0.000096368162808652569218531569
-0.000002968969398606584463067492
-0.001973857269026799837741137367
-0.000064479026362585512553195211
0.000109711646079002154009589265
-0.000077142264761719033113428201
-0.001027432145892462388506172211
-0.000067677768380748062546081734
0.000094371672720574580452493341
0.000042508335687412193801704846
-0.000952522921782918683721030906
-0.000100403322452025686555010520
0.000100878291931327140115021157
-0.000038436139212859965301732207
-0.001007784795748801120671145348
-0.000161946812896638156617154514
0.000161586830905395453360923197
0.000195487976406884158674798213
-0.002070389177269651385243642849
-0.000145777340816497267628540357
0.000186097416470926163177199153
-0.000188628142274385209161899346
-0.002240684719421750202561494092
-0.000209673061183221449499738953
0.000235838229606384050312736789
0.000008869873312829708739959619
-0.000603727357663702882649425785
-0.000205434619704967732795736213
0.000068633543204391046169826618
-0.000074940520892759858169289433
0.000305462782945041804328473178
-0.000133803037615867986918211097
0.000081040437488224666639190230
0.000070009078826200734431590977
0.000423186875750299464158526996
-0.000104748851930438447127395818
0.000044129358730500881612124342
0.000060414297003122075728053647
-0.001347964002984841647148073207
-0.000157002750949109237113207604
0.000092428366547989555509004522
-0.000058967709948479250044086480
-0.001383922042493173579918996907
-0.000171369846823270054062340884
0.000115444717987057951839001413
-0.000005824667893133780176056959
-0.000530332647348362201840388241
-0.000198664781189476693373796579
0.000055038420656485763382288062
-0.000085385378199102172631744512
0.001088648824387832307267198750
-0.000194553891929656629956879588
0.000211756144926056192115404464
0.000108662858056908699188984613
0.000864078697266704230488254534
-0.000154671480236251207476122493
0.000146079377008240891746421175
0.000064662671439779344359152780
-0.002038999404290907715986413962
-0.000232195935165941980430834302
0.000192135118765231606517002172
-0.000081137258855113904136048542
-0.001874881566002227625475362593
-0.000264391185370478132895394330
0.000235687472876168745703276408
0.000069605832154055104362376516
-0.001398599063865409424661789828
-0.000218115044591385821935031197
0.000095009717493076099197914230
-0.000133005531337654434986123020
-0.000532060176399915180957267413
-0.000163028642400999540518213848
0.000135185315178956624165840239
0.000239027559940931133043717782
-0.001483792817622677732286584629
-0.000160655922242979032343868084
0.000193601797020325502949461560
-0.000080390635005784616493734740
-0.003724490015477133902921380582
-0.000224313522504007364921640999
0.000388553218753569056236746304
0.000029580407532411711745302246
-0.004455860837589364908950528843
-0.000264160379683749005179371760
0.000853737771258572552580956572
-0.000138876883790211360118413420
-0.002841330820820162257611674050
-0.000552653370830033952715298895
0.000921984125648960461604786154
-0.002019719826329417766697105208
0.008152238444511180487372925541
-0.001297376057798897220144085374
0.020147569176961140774428926647
0.001790207641585845254814102212
0.009939679564687220469920703181
-0.001234255330912067353393846147
0.019490230055313449014642301904
0.000174960581876112822915375622
0.003023966332078969251190292411
-0.000077447011160225107118115773
0.002164551951763519360705245731
0.000031488329601327012992068727
0.001490603738504327202551991149
0.000051586474911500320317953028
0.000032637423761846582714700460
0.000010117771237891307875350275
0.000722684059441454167659057983
0.000032859788002291631257758414
-0.000059060242813662379055775903
0.000086591173628689061220024825
-0.000571880156394637129135816167
-0.000015482297380993377588012661
-0.000015939477526559450465837992
-0.000084393599397813789204578216
-0.000586522070009578557966967161
-0.000025139951893633500756147781
0.000023260363370178768841747483
-0.000003806523185130474448261686
0.000367842403367556484896500058
-0.000012371917083662983173771542
-0.000014493276024979291277737341
0.000043567947611394766563395337
-0.000183073709031324335320262131
-0.000033983594361786963449628685
-0.000013625533922614046632593859
-0.000039354781036917767754728520
-0.000205502121857607350204413810
-0.000041747551301105100853006125
0.000008450184872363395105704723
-0.000027367183319197110126811887
0.000790741741424207697334913814
-0.000024722830122070741293077364
0.000023622226835060180637638344
-0.000014664104185112645389616609
0.001371002742118008609767398909
-0.000011320679831329529788259969
0.000048829621576383309868984312
0.000518603817181342418435319175
-0.003204614450375083307964718671
-0.000118411989410022134780464675
0.000523738180194502486383689721
-0.000489106209819066203858817232
-0.003694775063249031848977566028
-0.000118220432843892580892716793
0.000594666810732442864713409580
-0.000021460062433526682696598512
0.000960852240353204782065399403
-0.000244669640823951450771950311
0.000041475523154136769896603576
0.000732538616955492904482538652
-0.005247941035600316855846969588
0.000870288248783937447468350701
0.001346472708053117906673579185
-0.000692061000894967043133021445
-0.005803515039942162834218919443
0.001107569107061477610073896294
0.001448323542642973365754399673
0.000001597742460266479359767399
0.000275375480475351628890240407
-0.000025783741391770506113691186
0.000007498644362686298564318280
0.000023754471420735188426885676
-0.000112424749882173100339229077
-0.000068900970750378011972329950
-0.000007322132993229890133798400
-0.000086054850772152122629493620
0.000831477311689640739660045465
-0.000005292287638826142969687531
0.000096633417581718547128416530
0.000041571968321586473755005486
0.001602654334212487994074103348
0.000019921058847806010351326467
0.000078364735930590783503577046
0.000019011931484976328607817281
0.000701144121143270119232704385
-0.000035569632342071518091210919
0.000010418736987448774469365229
0.000001297345701913881557958575
0.000352520467440162578801055027
-0.000041364279616849130476533003
0.000002841142169242931771064526
0.000286906922480674117254678679
-0.002611203595618497540209457242
-0.000106609911287402033723895056
0.000266360280968416384024533006
-0.000030781949704316052438771850
-0.005349064437740448652025548881
-0.000161927778265764872643941996
0.000591255525470090565962055784
-0.000064762610954820210278776171
-0.004365523124902392741730761117
-0.000140404476542096019178393340
0.000417179013988932948561044745
-0.000039097974629278313071518297
-0.003321061043524310175956149038
-0.000115948930834309528979664261
0.000224813757850080817067908723
0.000222431298404611904910230247
-0.004869685215331256630810763397
-0.000148917547898859132897431135
0.000451316121004881895886762244
-0.000046325163876884875569211325
-0.005982087520584556013247823358
-0.000169447276005673400306808518
0.000760090590286352941334913069
0.002478419533181044388803204725
-0.015633098435385631846950005297
-0.000392006156318293352315562661
0.003241967462825969502338008255
-0.002523759710781873447787981846
-0.014410484154476863039029410629
-0.000355718637998965925457739434
0.005619930007149807199562374649
0.001309422530883088547914994137
-0.011108666538604742082818610527
-0.000362295882125149564401828117
0.014989471873541855909128805990
-0.001576443694224780598181490099
-0.009326775326955114714388983543
-0.000311002780096149896577051308
0.016126931995405602293658375856
-0.000000169338048797418302819198
-0.000055365849198338177227993184
-0.000077501431676082305991665189
-0.000012427221594884160500542325
-0.000000044643680459570215799393
-0.000002071001165496612498798231
0.000041774271820780921012691150
-0.000030154057577655367611106640
-0.000000033328129048623592634465
0.000009628330241776775487742498
0.000029665628812651604766280691
-0.000034125529183060926375833932
-0.000000134778078784832944880627
0.000059584341935768725504081467
-0.000061610255098065909180188315
-0.000012298516609854035020799913
ENDSurf
ENDSurfList
