REGION
instruHRBFList
instruHRBF
626.73700,1865.70300,-436.10000,0.00000,0.00000,1.00000
2756.37100,2047.56000,-662.20000,0.00000,0.00000,1.00000
3032.92100,2741.74800,-756.90000,0.00000,0.00000,1.00000
1895.38900,2114.78500,-653.17800,0.00000,0.00000,1.00000
447.82990,1917.59610,-460.20551,0.00000,0.00000,1.00000
897.75050,2084.84050,-493.99084,0.00000,0.00000,1.00000
1122.59750,2168.76720,-544.61743,0.00000,0.00000,1.00000
1458.37910,2298.56000,-625.83374,0.00000,0.00000,1.00000
1746.18850,2413.73510,-668.95886,0.00000,0.00000,1.00000
2026.80510,2510.48320,-690.44800,0.00000,0.00000,1.00000
2466.27320,2676.18030,-734.79578,0.00000,0.00000,1.00000
2991.12500,2829.36300,-781.41251,0.00000,0.00000,1.00000
-0.000004860433776272976483907255
0.000142800495196832840988018787
-0.000197637673883236097147411692
0.000056857005152355607796761661
-0.000000271854185812476838277914
-0.000032620923247457376441607591
-0.000088610165489756738811492898
-0.000029897992583866555118057851
-0.000024188581481295307035574507
0.000473749350832819752458308082
-0.001154865379249263432001604279
0.000271782153378421435091505387
-0.000000494184179537188997349232
-0.000062633533722858397837715549
-0.000123732099157850564336361132
0.000028629556198866243664274620
0.000003572309000463321214955195
0.000310016116515976318523950539
-0.000116121664445174426491882991
-0.000056872840583658336747682749
-0.000002142992995075899829082386
-0.000554000854789409415482315246
-0.000291610526324300746957296493
0.000131158971895505027400324893
0.000001796629104813881765606619
-0.000661589889611194251033132741
-0.000238885397973702970440129656
0.000152970805416017754810656393
0.000000134342576941995582283317
-0.000481171890612363769602899399
-0.000168346449230697580616913922
0.000094456252212610908574469404
0.000000898215514044540153786326
-0.000291534090671939443394078406
-0.000154480264491214111868822023
0.000035479252961783237872023244
0.000000668637351898640027494372
-0.000194217560496276020302885978
-0.000131298684937977038411291431
0.000026075170991112270975006981
0.000000303866975337277103623500
-0.000138381544869986371345746412
-0.000102943328949130216763523105
0.000035624046409443789235234334
0.000024586777168593183936443763
0.000471223183083523599820607863
-0.001047843373797303348146647828
0.000231510379908449952061910704
ENDinstruHRBF
instruHRBF
2164.25600,736.30700,-436.10000,0.00000,0.00000,1.00000
1029.94200,1429.27100,-436.10000,0.00000,0.00000,1.00000
2475.89800,1449.97300,-436.10000,0.00000,0.00000,1.00000
1808.22100,1453.91800,-436.10000,0.00000,0.00000,1.00000
626.73700,1865.70300,-474.10000,0.00000,0.00000,1.00000
2756.37100,2047.56000,-696.20000,0.00000,0.00000,1.00000
3032.92100,2741.74800,-767.90000,0.00000,0.00000,1.00000
917.79600,1218.77600,-436.10000,0.00000,0.00000,1.00000
1304.39000,2105.35900,-436.10000,0.00000,0.00000,1.00000
1895.38900,2114.78500,-669.17800,0.00000,0.00000,1.00000
2463.07000,2946.60000,-436.10000,0.00000,0.00000,1.00000
1792.93700,3628.76000,-436.10000,0.00000,0.00000,1.00000
85465.44300,51140.74100,40.00000,0.00000,0.00000,1.00000
92432.92100,51140.74100,100.00000,0.00000,0.00000,1.00000
447.82990,1917.59610,-499.04926,0.00000,0.00000,1.00000
897.75050,2084.84050,-482.43939,0.00000,0.00000,1.00000
1122.59750,2168.76720,-465.77972,0.00000,0.00000,1.00000
1458.37910,2298.56000,-504.35345,0.00000,0.00000,1.00000
1746.18850,2413.73510,-607.30267,0.00000,0.00000,1.00000
2026.80510,2510.48320,-603.98615,0.00000,0.00000,1.00000
2466.27320,2676.18030,-535.49799,0.00000,0.00000,1.00000
2991.12500,2829.36300,-780.49390,0.00000,0.00000,1.00000
-0.000000035140955900315653095174
0.000010954746655391579793930625
-0.000003543709412634970093490625
-0.000018443043223591785550585093
-0.000000126329818269734593248928
0.000037656508832946494161764833
-0.000041583142526818063912201484
0.000010398618446253666942565887
-0.000000748605626147996977985178
-0.000090846096925795193424701957
-0.000244524520521154043947720247
0.000097556955339325442198156191
-0.000000461502869180039474689505
-0.000032886821352308455847050783
-0.000158732939466189139137916597
0.000076508262499974143198804011
-0.000003821930602910435519244114
0.000329383982473772463171052260
-0.000155490881555351548228699476
0.000047322241236507649642280271
0.000000943793586266793032219836
-0.000167085099730478328161967227
-0.000160671374312604573570892330
0.000133529311316466463418692334
-0.000013032562892439114609656470
0.000209810231564018149054764995
-0.000668885723456063099358337443
0.000130357732579634676009852634
-0.000000044211442903401573670678
0.000012817428571780604254818324
0.000000503327774084158089776026
-0.000009644033693814683537610943
-0.000007643105723298054208483462
-0.000014018496297298039689042427
-0.000428209454745101471186824460
0.000195423134934097141946277021
0.000002784523261849256169802626
-0.000213380052430839827967701261
0.000024524820328217210860851510
0.000165802691271825720009322480
-0.000004875356795024153167396417
-0.000174637946264081443626878243
0.000509419035990107483061195559
0.000300181728730250247522137741
-0.000000074768936455825042059506
0.000003740088072131805442809569
0.000036271588437670232202454657
0.000015352943854787772030552964
0.000000000174050496229061496200
0.000000729239627451655233129197
0.000000048639303774407115100958
-0.000000276389858574245791111981
-0.000000000175670700259659092639
0.000000611555970241370029606351
-0.000000094853093203530981586212
-0.000003103874234258279370081077
0.000003786565068866971475237439
0.000334881715912978728151572216
-0.000089748581642001349343608363
0.000038002405665833484925148628
0.000001360432257301052603667979
0.000116110740916350039836531238
0.000024665563474734989189490406
0.000005571384246093228212253715
0.000002394073748324384965329012
0.000449670900601559307262905518
-0.000158024597434003029414878450
0.000084380850617865005660646338
0.000000802070451558547689767192
-0.000779562204069886451572590769
-0.000488254109237777926197376921
0.000308215184686425199781650841
0.000001510885088462715379397728
-0.000497238826778871926236058609
0.000118809573938205223497810437
0.000187283193891584539420014366
0.000000166689953378582865325594
0.000120434603860250234426756966
0.000224629770651397630155249319
0.000033868800801679567631912587
0.000002508584322939078841785496
-0.000151126364494243831636255404
0.000685054179455466048624667774
0.000372101570453820689778068331
0.000014605901554795212867843106
-0.000040376996386034166830990288
-0.000476608253367597411651046535
0.000241465546606435982899055426
ENDinstruHRBF
ENDinstruHRBFList
HRBFSurfList
HRBFSurf
2164.25600,736.30700,64.21000,0.00000,0.00000,1.00000
1029.94200,1429.27100,64.27000,0.00000,0.00000,1.00000
2475.89800,1449.97300,39.90000,0.00000,0.00000,1.00000
1808.22100,1453.91800,41.70000,0.00000,0.00000,1.00000
626.73700,1865.70300,53.90000,0.00000,0.00000,1.00000
2756.37100,2047.56000,43.80000,0.00000,0.00000,1.00000
3032.92100,2741.74800,74.10000,0.00000,0.00000,1.00000
917.79600,1218.77600,69.20000,0.00000,0.00000,1.00000
1304.39000,2105.35900,33.77000,0.00000,0.00000,1.00000
1895.38900,2114.78500,34.82200,0.00000,0.00000,1.00000
2463.07000,2946.60000,56.92000,0.00000,0.00000,1.00000
1792.93700,3628.76000,36.68000,0.00000,0.00000,1.00000
447.82990,1917.59610,28.66650,0.00000,0.00000,1.00000
897.75050,2084.84050,20.23395,0.00000,0.00000,1.00000
1122.59750,2168.76720,11.45233,0.00000,0.00000,1.00000
1458.37910,2298.56000,9.48657,0.00000,0.00000,1.00000
1746.18850,2413.73510,11.67279,0.00000,0.00000,1.00000
2026.80510,2510.48320,16.90869,0.00000,0.00000,1.00000
2466.27320,2676.18030,30.00763,0.00000,0.00000,1.00000
2991.12500,2829.36300,48.19550,0.00000,0.00000,1.00000
-0.000000073063089000275685158708
-0.000005703382620056632996106971
-0.000021025328586839072780812973
-0.000060772645216766706663998748
0.000000226801646796369479315046
-0.000037989580634288091457589909
-0.000075483709690096575006985902
0.000024096631794336175261261879
0.000000061301591684110845592768
-0.000002270747295914242744406097
-0.000013600935628989728931517028
-0.000005551700178956335077489100
0.000000051480672435003230572872
-0.000017458363562163092976399839
-0.000023764393604422456775671774
0.000023813152648348155410347460
-0.000004474815642586734333477436
0.000245954557976487981491020562
-0.000189366963983669068854673312
0.000067364106425963433998418961
0.000000016066874643626538426739
0.000025422494234134254887562746
0.000013436413757670045881543498
-0.000007077773671682044604770712
-0.000025657937647810274571415906
0.000541722603376874846034527700
-0.001093719351945956911112411980
0.000297323193996104824000925593
-0.000000390873194203488493144626
-0.000009063224054804140162894949
-0.000034639204103026531252930431
-0.000042410993588294250140717512
-0.000004453670644038373182963322
0.000157249130573412933655277901
-0.000243859507955088334902465919
0.000059432120342315623991950174
-0.000000684608669094698154277431
0.000049751809602811920200775286
-0.000106164471204463884248039851
0.000019768764438778192358246721
-0.000001374694611703235532713702
0.000005303772499702103304717975
0.000172610695536182836814023678
0.000019026509299553553635929101
0.000000026159524067345456629528
0.000007247372677798590439614528
-0.000007374898286986635232353668
-0.000063657586658401075032677474
0.000003786376237292186512682982
0.000335809085118888238884193864
-0.000102207841478101085644705770
-0.000015377224264286562950120735
0.000000137274124332673528790682
-0.000166572053008073194977842202
-0.000119836235136767095088398960
0.000022747081147918680690432278
0.000003633041390831029310889543
0.000193511748790169515240661147
-0.000130888628730654193749877168
0.000038449649442613433828353636
0.000001654162123682914710824416
-0.000082373787290046095611179000
-0.000163989297322881475696063069
0.000024720499468506173417533395
0.000000604996439240081460986395
0.000066909584791299687154576825
-0.000051790524150011544690219017
0.000010211711860174428888629536
0.000000096022210934041540012926
0.000057217749451222162484272798
0.000000713290261617550066714269
0.000016809737938704470895006152
0.000001292283369882346406303940
0.000058355455240274872351011193
0.000174817243050042619989525861
0.000043635690010405900351748293
0.000025527289210517494757925888
0.000542528027291492545743090137
-0.001104697467897424768834557796
0.000305714619940367115288187838
ENDHRBFSurf
HRBFSurf
2164.25600,736.30700,-186.79000,0.00000,0.00000,1.00000
1029.94200,1429.27100,-125.73000,0.00000,0.00000,1.00000
2475.89800,1449.97300,-512.10000,0.00000,0.00000,1.00000
1808.22100,1453.91800,-358.30000,0.00000,0.00000,1.00000
626.73700,1865.70300,-145.10000,0.00000,0.00000,1.00000
2756.37100,2047.56000,-506.20000,0.00000,0.00000,1.00000
3032.92100,2741.74800,-598.90000,0.00000,0.00000,1.00000
917.79600,1218.77600,-54.80000,0.00000,0.00000,1.00000
1304.39000,2105.35900,-306.23000,0.00000,0.00000,1.00000
1895.38900,2114.78500,-532.17800,0.00000,0.00000,1.00000
2463.07000,2946.60000,-852.08000,0.00000,0.00000,1.00000
1792.93700,3628.76000,-826.32000,0.00000,0.00000,1.00000
447.82990,1917.59610,-174.88025,0.00000,0.00000,1.00000
897.75050,2084.84050,-241.51416,0.00000,0.00000,1.00000
1122.59750,2168.76720,-313.07874,0.00000,0.00000,1.00000
1458.37910,2298.56000,-390.87799,0.00000,0.00000,1.00000
1746.18850,2413.73510,-545.89679,0.00000,0.00000,1.00000
2026.80510,2510.48320,-654.65924,0.00000,0.00000,1.00000
2466.27320,2676.18030,-793.99207,0.00000,0.00000,1.00000
2991.12500,2829.36300,-634.11609,0.00000,0.00000,1.00000
-0.000000642476827368620583515375
-0.000098677554346187786016818266
-0.000203042064628974601534633360
0.000029434169753945085525525735
0.000003907973059976368418824179
-0.000421313548280697843829989413
-0.000596602175228212370204639026
0.000253744461543848633371806001
0.000000867919815624853316174696
-0.000142832974714946387166311648
-0.000177612447960267248216192915
0.000078678583340398766318712909
-0.000000233727307844137379345243
-0.000287372705053167689856485900
-0.000263894120445296942803481421
0.000179487831668683015667875580
-0.000006186949481381840155991801
0.000148494648260429215006622750
-0.000360569790361717733284674381
0.000158662288332827157389878781
-0.000000677267917317840580360676
0.000055923859938114633364326239
-0.000175141432155999349608646587
0.000082966309083280052470883714
-0.000031926681327585081397388289
0.000673428514016712661399699513
-0.001461475759151573475258523160
0.000556638110761556318198395310
-0.000004729285782944224118915389
-0.000231614224678285005260339191
-0.000458950127061142547444522188
0.000109693122697274115726062682
-0.000005319863807354031169497867
-0.000379806864895451267057080447
-0.000464524775402493962650485315
0.000240092023814414407120385042
-0.000000173120574912413139483892
-0.000293955155387544235512375934
-0.000376835935963818228697230772
0.000215138319727566632759765963
0.000003498708875764299178353321
0.000141180884691124341112286600
-0.000313466129546334092582232644
0.000126456571639032980865907652
0.000000105125602763781093116689
-0.000064634467746256188272827026
-0.000059046006758539024128745049
-0.000029935157946612359758506092
0.000004345368863280774650878577
0.000396876608748954347836990220
-0.000166285919989398313194317591
0.000014257848191292411973128684
-0.000002495256795569589143714935
-0.000776020273341660057030144682
-0.000432951561125196216633925772
0.000265158859288415905530039707
0.000004926445328671138996828524
-0.000485241502988634383890936830
-0.000329643503357645130998759830
0.000196864956755128943551025333
0.000000983329792182889068867372
-0.000984520515797737650817711419
-0.000613684321563289316737999091
0.000496637139678227719670478013
0.000000554834306082330228033573
-0.000954792711238670161431885131
-0.000411718327826136507550935928
0.000459655494150353234605876906
0.000003005741128111057013539299
-0.000677306126787387578411236966
-0.000471343679896693026031007090
0.000310946187673244933084154562
-0.000000703560944705062090497407
0.000012699515557575961780065882
-0.000632980055213506619289642874
0.000265397811636645215242064078
0.000030904691662272534911481275
0.000969538997904361939984829721
-0.001459149898898893767465456683
0.000651836434391287410615445364
ENDHRBFSurf
HRBFSurf
2164.25600,736.30700,-322.79000,0.00000,0.00000,1.00000
1029.94200,1429.27100,-281.73000,0.00000,0.00000,1.00000
2475.89800,1449.97300,-507.10000,0.00000,0.00000,1.00000
1808.22100,1453.91800,-354.30000,0.00000,0.00000,1.00000
626.73700,1865.70300,-295.10000,0.00000,0.00000,1.00000
2756.37100,2047.56000,-662.20000,0.00000,0.00000,1.00000
3032.92100,2741.74800,-756.90000,0.00000,0.00000,1.00000
1304.39000,2105.35900,-456.23000,0.00000,0.00000,1.00000
1895.38900,2114.78500,-527.17800,0.00000,0.00000,1.00000
2463.07000,2946.60000,-842.08000,0.00000,0.00000,1.00000
447.82990,1917.59610,-320.33765,0.00000,0.00000,1.00000
897.75050,2084.84050,-390.57410,0.00000,0.00000,1.00000
1122.59750,2168.76720,-460.94983,0.00000,0.00000,1.00000
1458.37910,2298.56000,-503.62134,0.00000,0.00000,1.00000
1746.18850,2413.73510,-564.34827,0.00000,0.00000,1.00000
2026.80510,2510.48320,-652.21112,0.00000,0.00000,1.00000
2466.27320,2676.18030,-817.75873,0.00000,0.00000,1.00000
2991.12500,2829.36300,-785.94507,0.00000,0.00000,1.00000
-0.000000362920561906662419087111
-0.000065492185191610055691908976
-0.000102639587066957849539362846
-0.000046104990557072182699466928
-0.000000459697000416210381241994
-0.000065342516657360230928827671
-0.000076855714790632101451363367
0.000010826996394220567485186177
0.000000212632590386825114581252
-0.000229047512998442192189846311
-0.000248234776684910297180758354
0.000087797963583004131867329467
-0.000000612922773624649223815164
-0.000177161281660359213804833978
-0.000193741282333001582811882191
0.000097554126284658004863471759
-0.000005553463032980528734392032
0.000101382546245761161131555828
-0.000319799620984087290976455309
0.000131664779639327386403027664
0.000000069516958146764385868551
-0.000069736188200320207530684413
-0.000288350286816766777399367871
0.000078341038619267723899786127
-0.000027788977836735674262474277
0.000580491745930079134328793966
-0.001296315160873401980262675792
0.000384428490246112287108404271
-0.000003306969086024806780868112
-0.000199265266880583046286631865
-0.000375395813821282383748040301
0.000111583728331907499069404477
-0.000001032833938813947584800697
-0.000176328593532181773307146444
-0.000420249602790969247010505194
0.000160075906551997452966634716
0.000001603753682374296566967684
-0.000046263131946997145557774062
-0.000127101338731854836402654363
-0.000004771719548320580540174893
0.000003698523125079146507996697
0.000329199599966588959780444679
-0.000109024087991959820051132701
-0.000028758352837062692861427871
-0.000002489072798943341253762951
-0.000768261863021968568164543623
-0.000420089725558899917002425584
0.000260213148242471599240477342
0.000004820087924037370720790029
-0.000485401028038625779667536442
-0.000239108229795680993570727857
0.000155086561312006449703249089
0.000001061952565095643086218310
-0.000550457117843808569138119857
-0.000366192484157905979915564876
0.000114480687458899961354320818
-0.000000105410699061949471880998
-0.000603584615307747570159269124
-0.000375599567066458629466946251
0.000192997448562097712390639437
0.000002264498681724415466494805
-0.000672338990261935683274974185
-0.000430678177838837391612492045
0.000279296355613021672539136864
0.000000335050841141017809650144
-0.000164718310242350639716751859
-0.000383275097825764828399219830
0.000154386635000215992515049113
0.000027648552007838825983086425
0.000678356960608678398634563411
-0.001242235286483780445573876783
0.000362673929150288815170810608
ENDHRBFSurf
HRBFSurf
2164.25600,736.30700,-351.79000,0.00000,0.00000,1.00000
1029.94200,1429.27100,-310.73000,0.00000,0.00000,1.00000
2475.89800,1449.97300,-541.10000,0.00000,0.00000,1.00000
1808.22100,1453.91800,-429.30000,0.00000,0.00000,1.00000
626.73700,1865.70300,-341.10000,0.00000,0.00000,1.00000
2756.37100,2047.56000,-696.20000,0.00000,0.00000,1.00000
3032.92100,2741.74800,-794.90000,0.00000,0.00000,1.00000
1895.38900,2114.78500,-561.17800,0.00000,0.00000,1.00000
2463.07000,2946.60000,-884.08000,0.00000,0.00000,1.00000
447.82990,1917.59610,-366.30347,0.00000,0.00000,1.00000
897.75050,2084.84050,-398.05396,0.00000,0.00000,1.00000
1122.59750,2168.76720,-449.80420,0.00000,0.00000,1.00000
1458.37910,2298.56000,-547.49658,0.00000,0.00000,1.00000
1746.18850,2413.73510,-613.20886,0.00000,0.00000,1.00000
2026.80510,2510.48320,-695.28027,0.00000,0.00000,1.00000
2466.27320,2676.18030,-857.75360,0.00000,0.00000,1.00000
2991.12500,2829.36300,-824.11523,0.00000,0.00000,1.00000
-0.000000428098866105771695188487
-0.000054373379787540198476974290
-0.000127333836666041063604565275
-0.000040227454118354966561190572
-0.000000496799743162649141721822
-0.000068962129275501756441035806
-0.000064834558271871585064492771
0.000007425704449726313229193046
0.000000136350774646916915510279
-0.000200489350611369456997556959
-0.000251710745154636169815254298
0.000075066502347339401500676825
-0.000000305376179712879189230177
-0.000175064982726401641372274143
-0.000186505474345151920148588864
0.000089265502498238474284562860
-0.000004857610310324941537145522
0.000203996718044373163188781595
-0.000264225824485467622459999859
0.000085319224709596322387891720
0.000000064097747428799886022876
-0.000074287016820056702109779934
-0.000292613797371328848012650425
0.000081058782006595148919222971
-0.000027905415759007355403506848
0.000581330003268650126989347537
-0.001304272420644539583201027000
0.000390290466485409116934729434
-0.000001522823312979514111874615
-0.000133484443414943608919448481
-0.000435792778699261706271128602
0.000157995976380826173108770649
0.000001720374476521123709502189
-0.000043324595591442674653599038
-0.000138018528720013793943677261
-0.000003176822127120174203029250
0.000003753272992086572688565311
0.000334977836099080298389724097
-0.000094572437117639327830778684
-0.000036646971319139968602685703
-0.000002161334124098966134365236
-0.000544559004143215842110026248
-0.000316784290853074231540664751
0.000136162979897136470538304698
0.000001666049211320469320066879
-0.000703429807150556776935979020
-0.000286927794417371484492207401
0.000187087929720168913687999845
-0.000000284459334826340739934365
-0.000613296150418792592601269220
-0.000240657419201449862241129485
0.000153702037771929382950486520
0.000000477525946915627236964870
-0.000585411855944178907001917977
-0.000419967067843955265803862487
0.000203538069039721492003991443
0.000002169531728720179222243787
-0.000642657597031832754884417280
-0.000437027995373275599064882835
0.000269616838539347850392524641
0.000000229363828068011583800171
-0.000157112614197730269052777352
-0.000398033470200910707240821163
0.000155546090522068252912091246
0.000027748923892369221070501942
0.000686167101056960439600662660
-0.001249898634286219839192866310
0.000369403696713675711547908431
ENDHRBFSurf
HRBFSurf
1029.94200,1429.27100,-330.73000,0.00000,0.00000,1.00000
2475.89800,1449.97300,-560.10000,0.00000,0.00000,1.00000
1808.22100,1453.91800,-448.30000,0.00000,0.00000,1.00000
626.73700,1865.70300,-338.10000,0.00000,0.00000,1.00000
1895.38900,2114.78500,-579.17800,0.00000,0.00000,1.00000
447.82990,1917.59610,-360.66699,0.00000,0.00000,1.00000
897.75050,2084.84050,-397.74268,0.00000,0.00000,1.00000
1122.59750,2168.76720,-452.31128,0.00000,0.00000,1.00000
1458.37910,2298.56000,-543.63599,0.00000,0.00000,1.00000
1746.18850,2413.73510,-583.16907,0.00000,0.00000,1.00000
2026.80510,2510.48320,-585.23010,0.00000,0.00000,1.00000
2466.27320,2676.18030,-565.58893,0.00000,0.00000,1.00000
2991.12500,2829.36300,-538.94269,0.00000,0.00000,1.00000
-0.000000350256554605378690243249
-0.000089213061284048597110798995
-0.000021383702394694519509626279
-0.000014874861577650217581017880
0.000000338505360428579436011008
-0.000112469114239387003406460408
-0.000008449827273162259446033506
-0.000031093126560885973039879276
-0.000000442347811816342601820334
-0.000207003716551401096591933371
-0.000110484507804895607549315606
0.000053512412537747247750184731
-0.000004607885625877264626959386
0.000148996907025402439096392615
-0.000235689365466927282710338232
0.000079315014297091338164868990
0.000000274261440047536128806804
-0.000059510948693765917743517951
-0.000143580052002749956625154981
0.000064625955020741876325997277
0.000003367400589304604545707548
0.000302234595016541483878530494
-0.000089158137143654277861903878
-0.000062234060231027861888677966
-0.000002294286884404131765589734
-0.000573112751597439746241435810
-0.000324075666842224780015563335
0.000151403822028795117735078257
0.000001932121844724551279639082
-0.000702176634355830119743613338
-0.000287740902522072897716520767
0.000189916953949775417281528589
0.000000372187444114737010499532
-0.000499129205762541619528782633
-0.000171884840783098304843948267
0.000105608311368561626490854277
0.000001229252869507793344025872
-0.000193354727555977370804032867
-0.000061571021247858016638664080
0.000010591223441377768365039176
0.000000369611029044178074797389
0.000028587770956407427300031976
0.000002032349883564018708703627
-0.000001028536760107910856009198
-0.000000028682839470873679841383
0.000083439682022418886018361173
0.000030152459717200219134914524
0.000009659932039778957235318102
-0.000000149444426992035413856479
0.000034930522221691128490015515
0.000010676541734601802677642746
-0.000097731676547899845792534423
ENDHRBFSurf
HRBFSurf
1029.94200,1429.27100,-376.73000,0.00000,0.00000,1.00000
2475.89800,1449.97300,-607.10000,0.00000,0.00000,1.00000
1808.22100,1453.91800,-494.30000,0.00000,0.00000,1.00000
626.73700,1865.70300,-382.10000,0.00000,0.00000,1.00000
1895.38900,2114.78500,-628.17800,0.00000,0.00000,1.00000
447.82990,1917.59610,-404.64063,0.00000,0.00000,1.00000
897.75050,2084.84050,-442.54199,0.00000,0.00000,1.00000
1122.59750,2168.76720,-498.29541,0.00000,0.00000,1.00000
1458.37910,2298.56000,-591.47559,0.00000,0.00000,1.00000
1746.18850,2413.73510,-631.78772,0.00000,0.00000,1.00000
2026.80510,2510.48320,-633.87061,0.00000,0.00000,1.00000
2466.27320,2676.18030,-613.65924,0.00000,0.00000,1.00000
2991.12500,2829.36300,-586.24994,0.00000,0.00000,1.00000
-0.000000340712722173344087341974
-0.000091146800637977924111794714
-0.000019295410227546723225559508
-0.000014767280957051607498766756
0.000000339914277569245244241714
-0.000113225584756029663889391468
-0.000009113577656270777506246350
-0.000030647851483568684758263673
-0.000000451860369948486622350924
-0.000208062382328873815909298095
-0.000112536974640991361889738598
0.000054770302802459619082812298
-0.000004626406702082236986985943
0.000145482768010988790328280595
-0.000235101509914090346783574481
0.000079676274131139745277550845
0.000000295371050122973647261330
-0.000060795485453831867397357647
-0.000144661851290943258355192746
0.000065434454294927845460598526
0.000003362329735567395558732936
0.000301818788174755146726940813
-0.000089335358444807348417618376
-0.000062199415289421875114618532
-0.000002346556765222013139906643
-0.000583058579636812194559036815
-0.000328355615457625465720276070
0.000156472747780440164452886442
0.000001969838676024122946001029
-0.000714655292276095491232901225
-0.000292370856124595066179161496
0.000196985275715878512328704808
0.000000374386139924270522835872
-0.000508040789904583658422032588
-0.000174590236897938515421568884
0.000109638360000745301958517686
0.000001243311833828332854616342
-0.000197525998165585170082692024
-0.000061283995663551920512514271
0.000011400611365552608733923111
0.000000373952572241909905924264
0.000029571494389860181851515178
0.000003053246044088116834029851
-0.000001051182477843356035708544
-0.000000029235421036537449694525
0.000085895031464455515548585274
0.000030816654461695623212595663
0.000009913952604373377087000445
-0.000000153710301734504777005746
0.000036026373328449992346038389
0.000010796450442628087107378894
-0.000097631824070258253940590709
ENDHRBFSurf
HRBFSurf
1029.94200,1429.27100,-402.73000,0.00000,0.00000,1.00000
2475.89800,1449.97300,-636.10000,0.00000,0.00000,1.00000
1808.22100,1453.91800,-518.30000,0.00000,0.00000,1.00000
626.73700,1865.70300,-409.10000,0.00000,0.00000,1.00000
1895.38900,2114.78500,-653.17800,0.00000,0.00000,1.00000
447.82990,1917.59610,-431.58105,0.00000,0.00000,1.00000
897.75050,2084.84050,-469.28320,0.00000,0.00000,1.00000
1122.59750,2168.76720,-524.58911,0.00000,0.00000,1.00000
1458.37910,2298.56000,-616.97974,0.00000,0.00000,1.00000
1746.18850,2413.73510,-656.79419,0.00000,0.00000,1.00000
2026.80510,2510.48320,-658.71118,0.00000,0.00000,1.00000
2466.27320,2676.18030,-638.69336,0.00000,0.00000,1.00000
2991.12500,2829.36300,-611.38544,0.00000,0.00000,1.00000
-0.000000342172984244322760292675
-0.000088788274301275193199113611
-0.000020580924926992685093304902
-0.000015133665262472289510633019
0.000000356473542067892019298683
-0.000117677258386444678200932756
-0.000008320017430540153631317313
-0.000029005039297397693668018395
-0.000000470260983253640041553534
-0.000211279287888626194627170185
-0.000112032464824306921121963021
0.000055918696790737307494682795
-0.000004609262101502149632350006
0.000145903411964641669274628244
-0.000235473858917479797079816417
0.000079431244684411762314868444
0.000000294958366308910577368414
-0.000061671558480947929179773193
-0.000144367431588744542106730884
0.000066157752669145485232247983
0.000003354272122296984680192913
0.000301069764014732339178076481
-0.000088973755142536978496141387
-0.000062486550083872384811489731
-0.000002326211905739647961132311
-0.000579473097652240948240986995
-0.000326810085057876564384321538
0.000154582241705244474369584928
0.000001957349559358936328350284
-0.000709590935943562196169809297
-0.000290783070912510425987118623
0.000194158174392619126873496538
0.000000378180759118998404097228
-0.000503574978361793937180201919
-0.000173306574320592626792247870
0.000107701668715035579759753404
0.000001233860194885742539273681
-0.000194315975862389457313322838
-0.000060225080582874893216863837
0.000010706165541838843328361318
0.000000365837685506649811472535
0.000029922643878469170442913408
0.000003372223139611298445414075
-0.000001053310279028478153870245
-0.000000029008322874916352871590
0.000085156502151164246614510611
0.000031166420317456986334523489
0.000009862474797439877728915530
-0.000000153464863477219087844298
0.000035837854041778868818303450
0.000011263329833239619186388211
-0.000097733147924902274809866309
ENDHRBFSurf
HRBFSurf
1029.94200,1429.27100,-415.73000,0.00000,0.00000,1.00000
2475.89800,1449.97300,-651.10000,0.00000,0.00000,1.00000
1808.22100,1453.91800,-531.30000,0.00000,0.00000,1.00000
626.73700,1865.70300,-427.10000,0.00000,0.00000,1.00000
1895.38900,2114.78500,-669.17800,0.00000,0.00000,1.00000
447.82990,1917.59610,-449.55664,0.00000,0.00000,1.00000
897.75050,2084.84050,-486.74829,0.00000,0.00000,1.00000
1122.59750,2168.76720,-541.46899,0.00000,0.00000,1.00000
1458.37910,2298.56000,-633.35828,0.00000,0.00000,1.00000
1746.18850,2413.73510,-672.82251,0.00000,0.00000,1.00000
2026.80510,2510.48320,-674.35242,0.00000,0.00000,1.00000
2466.27320,2676.18030,-653.43140,0.00000,0.00000,1.00000
2991.12500,2829.36300,-624.86084,0.00000,0.00000,1.00000
-0.000000366956629354191537658832
-0.000083930188984367967751712425
-0.000025738965381293486817245939
-0.000015138261001694914997957840
0.000000361118025490882674266894
-0.000119176291677420794542369142
-0.000008597617654087808883854073
-0.000028118247027508075781528432
-0.000000481741646084510872412331
-0.000213092340574848012387659812
-0.000113908607112686574634567716
0.000057466038245527758870304785
-0.000004577561668950164593388120
0.000149931026529685984755371764
-0.000239932673676429900327250477
0.000079747859805251770253832488
0.000000302998483583705018130417
-0.000060903806395691930178348805
-0.000146294521731022715950801261
0.000067064009286641544757730238
0.000003352910356459406946246686
0.000301081984223783554605047286
-0.000088104379508625489192744085
-0.000063035635757736856025525152
-0.000002300208326309790379907453
-0.000573602105584406982141665310
-0.000325378243504587994806842577
0.000152227685513879471479112282
0.000001934971690354577849310994
-0.000703997160980473243689636842
-0.000290106493645046975907164644
0.000191659195467928819252637074
0.000000381383976809054810241993
-0.000500600612770781949051324133
-0.000172480220972405658662329753
0.000106441558243672296235615704
0.000001237539673351523577561877
-0.000190785011496823767246713843
-0.000058545336408556735222075140
0.000010069772708959900321570684
0.000000357610831587730096874740
0.000033665913215553291254998614
0.000005410010303656827969451693
-0.000000994488260514022732758995
-0.000000030344097144854768474966
0.000088995373368058473253702778
0.000032702975713692763266773195
0.000010245103706701496658142657
-0.000000160913293826077838955002
0.000037697354338507999818239091
0.000011920918425780178224668293
-0.000097618808165792994189710607
ENDHRBFSurf
HRBFSurf
1029.94200,1429.27100,-449.73000,0.00000,0.00000,1.00000
2475.89800,1449.97300,-692.10000,0.00000,0.00000,1.00000
1808.22100,1453.91800,-574.30000,0.00000,0.00000,1.00000
626.73700,1865.70300,-436.10000,0.00000,0.00000,1.00000
1895.38900,2114.78500,-665.17800,0.00000,0.00000,1.00000
447.82990,1917.59610,-458.84131,0.00000,0.00000,1.00000
897.75050,2084.84050,-495.19873,0.00000,0.00000,1.00000
1122.59750,2168.76720,-547.78003,0.00000,0.00000,1.00000
1458.37910,2298.56000,-633.14795,0.00000,0.00000,1.00000
1746.18850,2413.73510,-670.65125,0.00000,0.00000,1.00000
2026.80510,2510.48320,-675.94141,0.00000,0.00000,1.00000
2466.27320,2676.18030,-669.77570,0.00000,0.00000,1.00000
2991.12500,2829.36300,-661.25061,0.00000,0.00000,1.00000
-0.000000258313207909765611686978
-0.000115116632126137377546866436
-0.000000483891673942232576139310
-0.000012486257508692709275541916
0.000000389066388799018198937604
-0.000121495700166281372879215072
0.000003486939400334107284147762
-0.000031054003197163126644749637
-0.000000350982166912472230369332
-0.000216467227647763703476599395
-0.000078167678296017998186388798
0.000045843221025466085428393820
-0.000004699179754955900268861314
0.000139865320452837961148762069
-0.000210631705874185216854563296
0.000076157036176103802441010593
0.000000080585232827506956283911
-0.000068425855676533721026408297
-0.000114007596286541893078857191
0.000057832201300130506673759234
0.000003384045309224252450532857
0.000301960088116472495037984070
-0.000094193668129948892719233156
-0.000058914225096067956999063703
-0.000002205406983914716082000778
-0.000561786333878298697365460956
-0.000312931956382545115209758979
0.000142099159228013121897965521
0.000001895276114166114437257918
-0.000676634095705176707470640540
-0.000269091476394551902019680600
0.000171967303967074684398208539
0.000000349144703959841617670116
-0.000471899700398746449556824922
-0.000162501451163748458685759379
0.000093573184275336695938513065
0.000001083525186171544046616171
-0.000197399934192828276991252268
-0.000075340360977004357722827677
0.000010278180265660335026590977
0.000000397054404535963180571800
-0.000014967493014588610520049575
-0.000023070368324026488507675833
-0.000000670617395785404397492492
-0.000000013212852688513149586844
0.000025401496103849305292559854
0.000012548086980836301856522159
0.000006136593851378774149268186
-0.000000044983720373285875757902
0.000007593836204021017929031989
0.000005878891969229499062229646
-0.000099055090732975311349807479
ENDHRBFSurf
HRBFSurf
1029.94200,1429.27100,-446.73000,0.00000,0.00000,1.00000
1808.22100,1453.91800,-571.30000,0.00000,0.00000,1.00000
626.73700,1865.70300,-474.10000,0.00000,0.00000,1.00000
1895.38900,2114.78500,-713.17800,0.00000,0.00000,1.00000
447.82990,1917.59610,-497.33643,0.00000,0.00000,1.00000
897.75050,2084.84050,-530.58105,0.00000,0.00000,1.00000
1122.59750,2168.76720,-582.80908,0.00000,0.00000,1.00000
1458.37910,2298.56000,-676.63647,0.00000,0.00000,1.00000
1746.18850,2413.73510,-722.22034,0.00000,0.00000,1.00000
2026.80510,2510.48320,-736.66229,0.00000,0.00000,1.00000
2466.27320,2676.18030,-748.21954,0.00000,0.00000,1.00000
2991.12500,2829.36300,-764.04611,0.00000,0.00000,1.00000
-0.000000460080349337578545493960
-0.000074941997933007862262889953
-0.000041469500938491126406076209
-0.000016298333606502264723613765
-0.000000179748637029919675797528
-0.000126547759239641934014830582
-0.000150589799478535637643900058
0.000013994788888635940226528101
-0.000004574426047097194410998196
0.000178118176925384666484802887
-0.000253462950454995394888868532
0.000082197011375065060119482485
0.000000127943062616060677429299
-0.000055276269271346577585928700
-0.000208521171136802596331530357
0.000058886207887456020436400816
0.000003474252097044803074780018
0.000310380999579842745735719367
-0.000088334122072006703170997388
-0.000063543488144367075336552131
-0.000002207147696707682283951552
-0.000545925101481779307711905691
-0.000315742272873285856858716070
0.000142961724128155620106364609
0.000001769842146910451336703747
-0.000691952634045165347609351869
-0.000287311896606268939776546167
0.000190441151515786477686070777
0.000000210116624076823678750147
-0.000532609675320348981142348777
-0.000182176536819844312690280796
0.000122121763619990962145694935
0.000001089300030015909392653900
-0.000276105129085673858552879567
-0.000112492905581916264982911269
0.000027175719206362962209301906
0.000000627327978894151448396020
-0.000098522828885028976330165418
-0.000067811726733167586550314609
0.000002574736827342031867651897
0.000000025898304081327450527553
-0.000047923017188198579433423135
-0.000023333118471219798311473356
0.000003356009846909454686307963
0.000000107724785000397213205524
-0.000035105579164538495279268560
-0.000014982172918176816974735951
-0.000110533415462984972179281973
ENDHRBFSurf
HRBFSurf
1029.94200,1429.27100,-461.73000,0.00000,0.00000,1.00000
1808.22100,1453.91800,-590.30000,0.00000,0.00000,1.00000
626.73700,1865.70300,-484.10000,0.00000,0.00000,1.00000
447.82990,1917.59610,-507.45532,0.00000,0.00000,1.00000
897.75050,2084.84050,-517.10498,0.00000,0.00000,1.00000
1122.59750,2168.76720,-532.35767,0.00000,0.00000,1.00000
1458.37910,2298.56000,-560.68408,0.00000,0.00000,1.00000
1746.18850,2413.73510,-578.81299,0.00000,0.00000,1.00000
2026.80510,2510.48320,-591.32019,0.00000,0.00000,1.00000
2466.27320,2676.18030,-606.38599,0.00000,0.00000,1.00000
2991.12500,2829.36300,-624.31866,0.00000,0.00000,1.00000
-0.000000419115678011368666713415
-0.000079924741750704128193626141
-0.000029882503930246946785738438
-0.000017366171880087798688610881
0.000000261184829602770569775941
-0.000101094084538701415687360352
-0.000012596626216581474606110921
-0.000012241378353015364279865809
-0.000004138466172130145722426846
0.000237331249275714512621954233
-0.000191255344297962167612534023
0.000063445008264201524592756920
0.000003507935514690778857195639
0.000312297188745770269626550464
-0.000093825308072532115247037232
-0.000065262874682700766594198316
-0.000000302608726361601136634738
-0.000208245122280038710924771062
-0.000152796495517878674246306514
0.000031716866581826567094391789
0.000000529858535514682564328281
-0.000221571329087001163025624773
-0.000094035562532505985867785359
0.000027965373829312727724065446
-0.000000038917548570169620341882
-0.000191737827990636026118456692
-0.000063076055538145565340819865
0.000023462070561907516654366959
0.000000114956449547690102139634
-0.000156093586165619268831331046
-0.000050465228183550524330546611
0.000012669807093886691469692210
0.000000334685126521964561416463
-0.000098802806443888617341821112
-0.000033694230968316893392103251
0.000008595002127277451216312912
0.000000040011513913083393435951
-0.000060286760042019391005879703
-0.000021673379310246708933469437
0.000003396036846786663435126576
0.000000112644213010269074518022
-0.000031826664269690959946541853
-0.000009541987437009404111778847
-0.000112233731380489192767761775
ENDHRBFSurf
HRBFSurf
447.82990,1917.59610,-507.45532,0.00000,0.00000,1.00000
897.75050,2084.84050,-507.45532,0.00000,0.00000,1.00000
1122.59750,2168.76720,-507.45532,0.00000,0.00000,1.00000
1458.37910,2298.56000,-507.45532,0.00000,0.00000,1.00000
1746.18850,2413.73510,-507.45532,0.00000,0.00000,1.00000
2026.80510,2510.48320,-507.45532,0.00000,0.00000,1.00000
2466.27320,2676.18030,-507.45532,0.00000,0.00000,1.00000
2991.12500,2829.36300,-507.45532,0.00000,0.00000,1.00000
0.000000000000000000000000000000
0.000000000000000000000000000000
0.000000000000000000000000000000
-0.000123369845631935749503266253
0.000000000000000000000000000000
0.000000000000000000000000000000
0.000000000000000000000000000000
0.000000003206041374729363304115
0.000000000000000000000000000000
0.000000000000000000000000000000
0.000000000000000000000000000000
0.000000020192435701367168757243
0.000000000000000000000000000000
0.000000000000000000000000000000
0.000000000000000000000000000000
0.000000046881115444635852139873
0.000000000000000000000000000000
0.000000000000000000000000000000
0.000000000000000000000000000000
-0.000000099187589747173234599103
0.000000000000000000000000000000
0.000000000000000000000000000000
0.000000000000000000000000000000
0.000000120948259848396212362830
0.000000000000000000000000000000
0.000000000000000000000000000000
0.000000000000000000000000000000
-0.000000237355870354742059894908
0.000000000000000000000000000000
0.000000000000000000000000000000
0.000000000000000000000000000000
-0.000123234734263489073948297237
ENDHRBFSurf
HRBFSurf
447.82990,1917.59610,-507.45532,0.00000,0.00000,1.00000
897.75050,2084.84050,-507.45532,0.00000,0.00000,1.00000
1122.59750,2168.76720,-507.45532,0.00000,0.00000,1.00000
1458.37910,2298.56000,-507.45532,0.00000,0.00000,1.00000
1746.18850,2413.73510,-507.45532,0.00000,0.00000,1.00000
2026.80510,2510.48320,-507.45532,0.00000,0.00000,1.00000
2466.27320,2676.18030,-507.45532,0.00000,0.00000,1.00000
2991.12500,2829.36300,-507.45532,0.00000,0.00000,1.00000
0.000000000000000000000000000000
0.000000000000000000000000000000
0.000000000000000000000000000000
-0.000123369845631935749503266253
0.000000000000000000000000000000
0.000000000000000000000000000000
0.000000000000000000000000000000
0.000000003206041374729363304115
0.000000000000000000000000000000
0.000000000000000000000000000000
0.000000000000000000000000000000
0.000000020192435701367168757243
0.000000000000000000000000000000
0.000000000000000000000000000000
0.000000000000000000000000000000
0.000000046881115444635852139873
0.000000000000000000000000000000
0.000000000000000000000000000000
0.000000000000000000000000000000
-0.000000099187589747173234599103
0.000000000000000000000000000000
0.000000000000000000000000000000
0.000000000000000000000000000000
0.000000120948259848396212362830
0.000000000000000000000000000000
0.000000000000000000000000000000
0.000000000000000000000000000000
-0.000000237355870354742059894908
0.000000000000000000000000000000
0.000000000000000000000000000000
0.000000000000000000000000000000
-0.000123234734263489073948297237
ENDHRBFSurf
ENDHRBFSurfList
ENDREGION
REGION
instruHRBFList
instruHRBF
626.73700,1865.70300,-436.10000,0.00000,0.00000,1.00000
2756.37100,2047.56000,-662.20000,0.00000,0.00000,1.00000
3032.92100,2741.74800,-756.90000,0.00000,0.00000,1.00000
1895.38900,2114.78500,-653.17800,0.00000,0.00000,1.00000
447.82990,1917.59610,-410.20551,0.00000,0.00000,1.00000
897.75050,2084.84050,-443.99084,0.00000,0.00000,1.00000
1122.59750,2168.76720,-494.61743,0.00000,0.00000,1.00000
1458.37910,2298.56000,-575.83374,0.00000,0.00000,1.00000
1746.18850,2413.73510,-618.95886,0.00000,0.00000,1.00000
2026.80510,2510.48320,-640.44800,0.00000,0.00000,1.00000
2466.27320,2676.18030,-684.79578,0.00000,0.00000,1.00000
2991.12500,2829.36300,-731.41251,0.00000,0.00000,1.00000
0.000003698110380810590381369003
-0.000382587637657051606206171090
0.000087521997244661609472067554
0.000043578850984889267393927736
-0.000000193114425594440996857419
-0.000045882796629593710876268003
-0.000067230418317011379400992277
-0.000029902517278643062114459189
0.000025452208486262284273075884
-0.000539774924797556594248393314
0.001030002171252484112831671048
0.000276194983112669891021223600
0.000001034168694126677300306675
-0.000149812188788882077929848213
0.000093179156310778743304255867
0.000035546078758093005358232458
-0.000003927561925765440957100932
-0.000355861348491650372836275773
0.000084087986528779548665683830
-0.000060288824210079949611658379
-0.000003207865572591427066336629
-0.000421716883440475382143625138
-0.000160141924608298464064934374
0.000091573142119169662371189200
0.000001810826600427740862934707
-0.000658867891790987348331343210
-0.000245958003903904494791970992
0.000152967968296975642163160192
-0.000000015941746750294670769614
-0.000505710820373812645900368778
-0.000133151182562087164878983359
0.000103403331931303135000042859
-0.000000166025321769343382268008
-0.000355946534299959416007552715
-0.000001507792358238486580976562
0.000048720586281454402236262141
0.000000319215800643655923025016
-0.000202385085128824096078331563
-0.000052586139733408384646859424
0.000022448358192062035888162536
0.000000178760082659794991047670
-0.000169992523259762472577841241
-0.000074534582711329480609815934
0.000036058742616840145332746115
-0.000024984554284301698114231435
-0.000602606612957441744628239721
0.001093498239295893036115980834
0.000272029305999829608322254648
ENDinstruHRBF
instruHRBF
2164.25600,736.30700,-436.10000,0.00000,0.00000,1.00000
1029.94200,1429.27100,-436.10000,0.00000,0.00000,1.00000
2475.89800,1449.97300,-436.10000,0.00000,0.00000,1.00000
1808.22100,1453.91800,-436.10000,0.00000,0.00000,1.00000
626.73700,1865.70300,-474.10000,0.00000,0.00000,1.00000
2756.37100,2047.56000,-696.20000,0.00000,0.00000,1.00000
3032.92100,2741.74800,-767.90000,0.00000,0.00000,1.00000
917.79600,1218.77600,-436.10000,0.00000,0.00000,1.00000
1304.39000,2105.35900,-436.10000,0.00000,0.00000,1.00000
1895.38900,2114.78500,-669.17800,0.00000,0.00000,1.00000
2463.07000,2946.60000,-436.10000,0.00000,0.00000,1.00000
1792.93700,3628.76000,-436.10000,0.00000,0.00000,1.00000
85465.44300,51140.74100,40.00000,0.00000,0.00000,1.00000
92432.92100,51140.74100,100.00000,0.00000,0.00000,1.00000
447.82990,1917.59610,-449.04926,0.00000,0.00000,1.00000
897.75050,2084.84050,-432.43939,0.00000,0.00000,1.00000
1122.59750,2168.76720,-415.77972,0.00000,0.00000,1.00000
1458.37910,2298.56000,-454.35345,0.00000,0.00000,1.00000
1746.18850,2413.73510,-557.30267,0.00000,0.00000,1.00000
2026.80510,2510.48320,-553.98615,0.00000,0.00000,1.00000
2466.27320,2676.18030,-485.49799,0.00000,0.00000,1.00000
2991.12500,2829.36300,-730.49390,0.00000,0.00000,1.00000
-0.000000031419047058651688070438
0.000011253435393901430747122701
-0.000003764332570156840317333749
-0.000021311866128173112343953052
-0.000000095758012554813826647151
0.000039827828264761548800448193
-0.000018004320295615922726487762
0.000013602815786549767477033902
-0.000000744961326394540919942173
-0.000090040722114696541879957925
-0.000242859175854451660517274725
0.000099303554129524825694851076
-0.000000479956674941623892132218
-0.000027431940304694932486950440
-0.000160606113993995029730690871
0.000078456675470286917832389573
0.000004792346565621162382889175
-0.000193667867143419448463723120
0.000152914982359182233728409073
0.000064143376727808913717078509
0.000000980647931668812657793918
-0.000174241486010987071389108372
-0.000147601237964650885362699606
0.000160650136631954260427179726
0.000033485300413618029056247311
-0.000739954315012912155341551212
0.001387156223163587718746891930
0.000624290076554666253233483175
-0.000000023053155849087125705686
0.000004054501156268358097228745
-0.000004914403752044467500704420
-0.000010749314077539258305694740
0.000001647982381910544190864042
-0.000417961754247739031981057067
0.000009363272959236913897456897
0.000100529087071319432719791742
0.000003868352983093041812625353
-0.000259117598145958767837104819
0.000195061275060539349255478436
0.000265504419167923255782476355
-0.000003197268523031070152349339
-0.000174193737390246794916742745
0.000272314546080060682249623927
0.000152113666894313181695078119
-0.000000075241589392179150744322
0.000003458804518138267441161073
0.000033931722092479496869724814
0.000003144086469351090115263627
0.000000000176005160272429187483
0.000000685459007370083407909424
-0.000000001149986328572077466687
-0.000000281355587239866236669224
-0.000000000176065622197140493601
0.000000629568448491218732158449
-0.000000099736397928359807867686
-0.000003107292186961527782174770
-0.000003738166492399783088644615
-0.000331738943529150251063319921
0.000107523192049137355933222104
0.000039545461674851602618813162
0.000000248333690170954640649036
0.000255214004387663165405314425
0.000160972272063494809902009508
0.000030061970842271330296713305
-0.000004309469113501353792615878
-0.000142941502831227636649211177
0.000076797491029169829158257388
0.000017816667673240453139815037
-0.000001848844850400325182763497
-0.000606028363731540755526827624
-0.000206462142369803449337348211
0.000186534032427555161422552676
0.000000757045465030206551170888
-0.000534453797572852001493415308
0.000215783207620433531252757131
0.000276320748904520846391669187
-0.000000157369279976145349679356
0.000113281931679740248994185670
0.000272438758928311805952021674
0.000067586901505275120364407693
0.000000821401227092689638130212
-0.000160327542176205689984994085
0.000494038425181104979763690999
0.000223113458367271022151842597
-0.000031899900962427189235384034
-0.001038280535503711618505739978
0.001531023543565944921782118193
0.000802516672508134655365796828
ENDinstruHRBF
ENDinstruHRBFList
HRBFSurfList
HRBFSurf
2164.25600,736.30700,64.21000,0.00000,0.00000,1.00000
1029.94200,1429.27100,64.27000,0.00000,0.00000,1.00000
2475.89800,1449.97300,39.90000,0.00000,0.00000,1.00000
1808.22100,1453.91800,41.70000,0.00000,0.00000,1.00000
626.73700,1865.70300,53.90000,0.00000,0.00000,1.00000
2756.37100,2047.56000,43.80000,0.00000,0.00000,1.00000
3032.92100,2741.74800,74.10000,0.00000,0.00000,1.00000
917.79600,1218.77600,69.20000,0.00000,0.00000,1.00000
1304.39000,2105.35900,33.77000,0.00000,0.00000,1.00000
1895.38900,2114.78500,34.82200,0.00000,0.00000,1.00000
2463.07000,2946.60000,56.92000,0.00000,0.00000,1.00000
1792.93700,3628.76000,36.68000,0.00000,0.00000,1.00000
447.82990,1917.59610,78.66650,0.00000,0.00000,1.00000
897.75050,2084.84050,70.23395,0.00000,0.00000,1.00000
1122.59750,2168.76720,61.45233,0.00000,0.00000,1.00000
1458.37910,2298.56000,59.48657,0.00000,0.00000,1.00000
1746.18850,2413.73510,61.67279,0.00000,0.00000,1.00000
2026.80510,2510.48320,66.90869,0.00000,0.00000,1.00000
2466.27320,2676.18030,80.00763,0.00000,0.00000,1.00000
2991.12500,2829.36300,98.19550,0.00000,0.00000,1.00000
-0.000000073192669678804728911803
-0.000004492276768630474327842050
-0.000022953847722576447041653927
-0.000060669945531166822357948404
0.000000257397795506040574832767
-0.000034958647193291789883381332
-0.000052311572758335559253997649
0.000023184268756640620176828066
0.000000057552357758496142970126
0.000000561293737867281980125273
-0.000016540274168187604406348584
-0.000005472340026076400922711278
0.000000027485112631952223948918
-0.000011749831855479260316575674
-0.000029195099460067634261845396
0.000023812189195219622439873494
0.000004127463558772450026763696
-0.000277414649156683455841904129
0.000117389954568072139699276557
0.000056027965445671525502972787
0.000000094337486489120600488504
0.000005880247461164075520399352
0.000041739037960756352287940152
-0.000007212050771830207684704069
0.000024037185858115454997795471
-0.000495989183237523093353282810
0.001081522320233292049421192083
0.000259741011129209606496381912
-0.000000369355705955600499318554
-0.000020164311198010928809394582
-0.000040526046308738566427420924
-0.000041884676947586772907585612
0.000005296718045750233770868967
-0.000218339401842389588649998022
0.000233604475176552912494762348
0.000073874590568388033865951381
0.000000896664533246938601401593
-0.000030843184923673056820579708
0.000124118323184508336579079391
0.000022839199047509634569628686
0.000001259106718877088808796112
0.000061921772675469036748344132
-0.000157543589580741005135022803
0.000016092554779286425309684991
0.000000012223133476357881938083
0.000007885134885702030566653059
-0.000005082818798322721739145740
-0.000063963415918545939208364470
-0.000003733184088148695344288068
-0.000329204595169023590296719650
0.000095852146383737383064649329
-0.000017962053226110214116956892
-0.000000965836756112659256299320
-0.000025732484979929368302826315
0.000013747513329564171007243431
0.000012621177399040764554477047
-0.000003102199011337151337560714
-0.000399975304967983434547423860
0.000101469829146101062121790304
0.000058736007485286643244222493
-0.000001536870810163835703734763
0.000097908562221559616660891689
0.000186339841024256902459604879
0.000029788869263476666448100041
-0.000000448891403574819585425788
0.000002166353115025836188870011
0.000092552975119895560061206163
0.000012781941039055749878084259
-0.000000298860965959882270609515
0.000049467754675593636384377944
0.000066559657741921865567631678
0.000018768479558370360630497123
-0.000001246570241853030998121642
0.000026492886906889336951810565
-0.000108932489802589552944228624
0.000039955407000045644390785055
-0.000024290462250193024253651364
-0.000459581330936934190963677471
0.001021946393857574514676955779
0.000264402190954896054199407818
ENDHRBFSurf
HRBFSurf
2164.25600,736.30700,-186.79000,0.00000,0.00000,1.00000
1029.94200,1429.27100,-125.73000,0.00000,0.00000,1.00000
2475.89800,1449.97300,-512.10000,0.00000,0.00000,1.00000
1808.22100,1453.91800,-358.30000,0.00000,0.00000,1.00000
626.73700,1865.70300,-145.10000,0.00000,0.00000,1.00000
2756.37100,2047.56000,-506.20000,0.00000,0.00000,1.00000
3032.92100,2741.74800,-598.90000,0.00000,0.00000,1.00000
917.79600,1218.77600,-54.80000,0.00000,0.00000,1.00000
1304.39000,2105.35900,-306.23000,0.00000,0.00000,1.00000
1895.38900,2114.78500,-532.17800,0.00000,0.00000,1.00000
2463.07000,2946.60000,-852.08000,0.00000,0.00000,1.00000
1792.93700,3628.76000,-826.32000,0.00000,0.00000,1.00000
447.82990,1917.59610,-124.88025,0.00000,0.00000,1.00000
897.75050,2084.84050,-191.51416,0.00000,0.00000,1.00000
1122.59750,2168.76720,-263.07874,0.00000,0.00000,1.00000
1458.37910,2298.56000,-340.87799,0.00000,0.00000,1.00000
1746.18850,2413.73510,-495.89679,0.00000,0.00000,1.00000
2026.80510,2510.48320,-604.65924,0.00000,0.00000,1.00000
2466.27320,2676.18030,-743.99207,0.00000,0.00000,1.00000
2991.12500,2829.36300,-584.11609,0.00000,0.00000,1.00000
-0.000000641391990635721699424152
-0.000097446680736497785541190553
-0.000203625569059375524866642437
0.000031357057433387586263887070
0.000003931550640641958927693888
-0.000417764178867192589351964305
-0.000576263424484047231781402854
0.000247612123545722670556884504
0.000000869395175579329623648435
-0.000141857671246790200975801399
-0.000178529872590947656738752380
0.000075581027019130199223403976
-0.000000253622221575963584632167
-0.000282421612040756710767380744
-0.000267290938314515601550991342
0.000179673963518795035696276607
0.000002175216446001066511250566
-0.000399391623323713525033074045
-0.000077637918485973112111241112
0.000072484578649460086759680200
-0.000000659509876694324270012795
0.000048958259733272969590773399
-0.000168995696428641390112596055
0.000056523465697433538279699505
0.000015609245997890175167589072
-0.000285839807761578950512371122
0.000636918893995034132195220966
0.000120159239470443447153277794
-0.000004707291543193268505836883
-0.000243348665815642015543621146
-0.000463884570176570690779038753
0.000112838072953046957089956459
0.000003431757407500939609625371
-0.000778972334039745146171129786
-0.000059119849635580445348839035
0.000225488222780332139057873908
0.000001194364650243568812986502
-0.000365583094170548799847764165
-0.000182499222651642513609929197
0.000189424471253755251267530957
0.000005077911301838875524354740
0.000163926580514068539811897707
-0.000531303749375332625727585967
0.000275503331386043356747428401
0.000000095125063242713760657351
-0.000062237774895615807259352525
-0.000056242643219542523959179892
-0.000022791647821597407433001289
-0.000003131794205179910507247333
-0.000263110311081511129803478521
0.000035036458973588479562811387
-0.000034818026591216463285199251
-0.000003382357828121059559851273
-0.000657681996663374030670512482
-0.000322699983167868483142914915
0.000196482367019076609214803253
-0.000001524389438139910341103614
-0.001057045302810983265773270290
-0.000108509647835513167637294663
0.000288835037386415505265141457
-0.000001401799905253468936898323
-0.000834612341284934325033595393
-0.000347698354499002273369084870
0.000360529786641804975578368131
-0.000000496389068005210490751203
-0.001016521732144440174142041577
-0.000266693839214353313124550304
0.000474530918553315195652225755
0.000002721064919198440752625811
-0.000685231583492920226334532696
-0.000412323145694171221218443657
0.000294818173902368493508041603
-0.000002253824040170882847408879
-0.000004999663875094805113631375
-0.000808946880471411115115509816
0.000428168905413702166953826556
-0.000016643286245865572314578049
-0.000054088589341202698542246385
0.000581339262234038356251530910
0.000216798209704902619752303616
ENDHRBFSurf
HRBFSurf
2164.25600,736.30700,-322.79000,0.00000,0.00000,1.00000
1029.94200,1429.27100,-281.73000,0.00000,0.00000,1.00000
2475.89800,1449.97300,-507.10000,0.00000,0.00000,1.00000
1808.22100,1453.91800,-354.30000,0.00000,0.00000,1.00000
626.73700,1865.70300,-295.10000,0.00000,0.00000,1.00000
2756.37100,2047.56000,-662.20000,0.00000,0.00000,1.00000
3032.92100,2741.74800,-756.90000,0.00000,0.00000,1.00000
1304.39000,2105.35900,-456.23000,0.00000,0.00000,1.00000
1895.38900,2114.78500,-527.17800,0.00000,0.00000,1.00000
2463.07000,2946.60000,-842.08000,0.00000,0.00000,1.00000
447.82990,1917.59610,-270.33765,0.00000,0.00000,1.00000
897.75050,2084.84050,-340.57410,0.00000,0.00000,1.00000
1122.59750,2168.76720,-410.94983,0.00000,0.00000,1.00000
1458.37910,2298.56000,-453.62134,0.00000,0.00000,1.00000
1746.18850,2413.73510,-514.34827,0.00000,0.00000,1.00000
2026.80510,2510.48320,-602.21112,0.00000,0.00000,1.00000
2466.27320,2676.18030,-767.75873,0.00000,0.00000,1.00000
2991.12500,2829.36300,-735.94507,0.00000,0.00000,1.00000
-0.000000362962188794955043847409
-0.000065691145150204686303276047
-0.000107128535156316052759720159
-0.000043707019849226856210606951
-0.000000418771698927857098151419
-0.000071856372028615255191826006
-0.000064929441402025513964922643
0.000009618095752976606245434991
0.000000212940773074080361240248
-0.000227399579445161349961282427
-0.000250566521384030052067848349
0.000086917714221168543742464252
-0.000000638459991057795951178403
-0.000171332633743330361693682495
-0.000197652837769770803582475294
0.000099611774774919804040576587
0.000002834617844263544846809908
-0.000450111886199115285127347885
-0.000037868988471647115046612997
0.000082883132295209739019009598
0.000000128027135727810067747110
-0.000086965415101020659624508902
-0.000268401768375780408731196003
0.000058529400879320198991875857
0.000021581695913174206170317623
-0.000440005136355935968454217155
0.000868952969734112005105453047
0.000189960972214389889811334000
0.000006005075284420257966124489
-0.000552023738507353587887105384
0.000088365893498956624109094693
0.000164292266504769633164370624
0.000000407307458311050988519428
-0.000266758092855800654340930889
-0.000216023366023905657919840229
0.000127414627879069168505526966
0.000003835081591110253786981992
0.000016987609888712285326640289
-0.000413997057817701676670635313
0.000103212228032332098848905533
-0.000003803936585067964819506471
-0.000335584144207894151997612076
0.000088706179178069599015193925
-0.000045814979301140870357206963
-0.000003376438320883095022548540
-0.000649806837869722014010276379
-0.000312549802268648939732043068
0.000190336113036811371791376390
-0.000001591331009575933332680356
-0.001050631127298284547832984970
-0.000022874827224873197376248460
0.000283198617125508811387391006
-0.000002013803947078621721443296
-0.000372784075234870010927268336
-0.000029142022215736760741870356
0.000069941662560385164091637800
-0.000001157651448434558611781339
-0.000670332164102865565337430187
-0.000236366539379801951243492697
0.000171764477091244878231499071
0.000002007980806258159678053584
-0.000681525517329375617875397708
-0.000379575870480535252325660078
0.000256304327910856946486084507
-0.000001818569168610621615610277
-0.000194482200905430528767997567
-0.000622999760624055876068183579
0.000273076150393969277040823185
-0.000021831865892417038021956419
-0.000331942118683918162974633148
0.000868547222847965670611269928
0.000215260830760819290609353605
ENDHRBFSurf
HRBFSurf
2164.25600,736.30700,-351.79000,0.00000,0.00000,1.00000
1029.94200,1429.27100,-310.73000,0.00000,0.00000,1.00000
2475.89800,1449.97300,-541.10000,0.00000,0.00000,1.00000
1808.22100,1453.91800,-429.30000,0.00000,0.00000,1.00000
626.73700,1865.70300,-341.10000,0.00000,0.00000,1.00000
2756.37100,2047.56000,-696.20000,0.00000,0.00000,1.00000
3032.92100,2741.74800,-794.90000,0.00000,0.00000,1.00000
1895.38900,2114.78500,-561.17800,0.00000,0.00000,1.00000
2463.07000,2946.60000,-884.08000,0.00000,0.00000,1.00000
447.82990,1917.59610,-316.30347,0.00000,0.00000,1.00000
897.75050,2084.84050,-348.05396,0.00000,0.00000,1.00000
1122.59750,2168.76720,-399.80420,0.00000,0.00000,1.00000
1458.37910,2298.56000,-497.49658,0.00000,0.00000,1.00000
1746.18850,2413.73510,-563.20886,0.00000,0.00000,1.00000
2026.80510,2510.48320,-645.28027,0.00000,0.00000,1.00000
2466.27320,2676.18030,-807.75360,0.00000,0.00000,1.00000
2991.12500,2829.36300,-774.11523,0.00000,0.00000,1.00000
-0.000000427274187293173066800673
-0.000054163622814626413118528625
-0.000132485349780116061241957981
-0.000037987464604458631939418872
-0.000000416334314368465210153518
-0.000066067548345275642416966899
-0.000039269394346175403665358261
0.000004112184998662850071889097
0.000000134933526101490094994858
-0.000198311920464738913405869369
-0.000255000200365612791561509276
0.000074852341798333093289379014
-0.000000307074643420051649456533
-0.000179529536586670626337539081
-0.000180529787638761089751948674
0.000088234965859331800216644459
0.000003668574924020302110945014
-0.000330613005352645139816453179
0.000037980663837481030444247904
0.000058210419327846602195221382
0.000000121674967395233985988239
-0.000091226098631490734852493574
-0.000273142712473529319667370219
0.000060589602407294531163147594
0.000021435573607923706250175111
-0.000438297501478455801826594751
0.000859804423578521036589106252
0.000188829070579684462228425845
-0.000000154718466700095037427864
-0.000231255904937422909891861500
-0.000244509831053117015521591870
0.000109853377408618347915898739
0.000003923748089387074227145022
0.000019306913309448147834197426
-0.000420926450682357930314914096
0.000110639526041982281232868568
-0.000003753130612394966580773470
-0.000334159927057378126381836925
0.000101836118311146461997383772
-0.000042919296543437843074585841
-0.000003247274510689362728756971
-0.000414422327437450048904371558
-0.000179373389416919587231041833
0.000097854805517364130051580218
0.000001666241148099511129956375
-0.000702858143217106249960035580
-0.000288056835064840323443885461
0.000186270388531085360215092117
-0.000000446078691521315848393046
-0.000640443982646848419641727457
-0.000202485875721304631972424781
0.000159258055999634683553428660
-0.000000552086971420507216737491
-0.000651566799027578167496921324
-0.000274056769863383065111150927
0.000171276306341590079914197209
0.000001948491946196329390486547
-0.000652453718116236609965430393
-0.000391260514148617660496604076
0.000244574071587200041720533417
-0.000001895770399497353188652963
-0.000186526274521681031644607107
-0.000634778025200391808266497939
0.000277182627415862323314726945
-0.000021700377600792189106528388
-0.000323886448850113715502291312
0.000860557074491324317140616973
0.000214377456209426461722702961
ENDHRBFSurf
HRBFSurf
1029.94200,1429.27100,-330.73000,0.00000,0.00000,1.00000
2475.89800,1449.97300,-560.10000,0.00000,0.00000,1.00000
1808.22100,1453.91800,-448.30000,0.00000,0.00000,1.00000
626.73700,1865.70300,-338.10000,0.00000,0.00000,1.00000
1895.38900,2114.78500,-579.17800,0.00000,0.00000,1.00000
447.82990,1917.59610,-310.66699,0.00000,0.00000,1.00000
897.75050,2084.84050,-347.74268,0.00000,0.00000,1.00000
1122.59750,2168.76720,-402.31128,0.00000,0.00000,1.00000
1458.37910,2298.56000,-493.63599,0.00000,0.00000,1.00000
1746.18850,2413.73510,-533.16907,0.00000,0.00000,1.00000
2026.80510,2510.48320,-535.23010,0.00000,0.00000,1.00000
2466.27320,2676.18030,-515.58893,0.00000,0.00000,1.00000
2991.12500,2829.36300,-488.94269,0.00000,0.00000,1.00000
-0.000000267651166141877739683771
-0.000087134878684427569551368409
0.000000403195726662425046012204
-0.000016089850150516460240181227
0.000000349805064918692485664403
-0.000104180582619619170625137328
-0.000005210748312856208704123631
-0.000030655743695757927671716181
-0.000000449355422940066981271580
-0.000211864478873275780207788288
-0.000107632811243230403917998939
0.000055271517667401146272753570
0.000003899351379802596128971038
-0.000387166286283880214155045385
0.000064675676231984566191129948
0.000068378870473266697765576949
0.000001797957811949383049684894
-0.000135235835643973927987920858
0.000074449596151208061417352269
0.000084922840759284239304030550
-0.000004132417965550088896143407
-0.000364947455723927955805602208
0.000106454944794806931882870382
-0.000052665292595205237687581989
-0.000003367690597446634594066541
-0.000444216441202658436551015120
-0.000188447599787211088123370373
0.000110743128376402288817054176
0.000001930850230254777871112103
-0.000701786146088002080016543527
-0.000289867437757273486032688625
0.000187353683230821141956004561
0.000000236438173691226776946788
-0.000521981027588142303293150537
-0.000137357003940360441291909654
0.000117996805345112524242290331
0.000000173393841018930527610314
-0.000258369695137952509137596602
0.000091498396033697695093125923
0.000040780907243031161088508973
0.000000014757776758725666566549
0.000020809016478723384776378103
0.000083206525566308778339534580
0.000008989892748454575110137778
-0.000000024527137429627415181976
0.000083549128424884017791660074
0.000029248969130333178997492236
0.000009237264303537021697585417
-0.000000152461904580596644047269
0.000035395033800414828174460413
0.000009203602679139702351742737
-0.000098368056767271497471162578
ENDHRBFSurf
HRBFSurf
1029.94200,1429.27100,-376.73000,0.00000,0.00000,1.00000
2475.89800,1449.97300,-607.10000,0.00000,0.00000,1.00000
1808.22100,1453.91800,-494.30000,0.00000,0.00000,1.00000
626.73700,1865.70300,-382.10000,0.00000,0.00000,1.00000
1895.38900,2114.78500,-628.17800,0.00000,0.00000,1.00000
447.82990,1917.59610,-354.64063,0.00000,0.00000,1.00000
897.75050,2084.84050,-392.54199,0.00000,0.00000,1.00000
1122.59750,2168.76720,-448.29541,0.00000,0.00000,1.00000
1458.37910,2298.56000,-541.47559,0.00000,0.00000,1.00000
1746.18850,2413.73510,-581.78772,0.00000,0.00000,1.00000
2026.80510,2510.48320,-583.87061,0.00000,0.00000,1.00000
2466.27320,2676.18030,-563.65924,0.00000,0.00000,1.00000
2991.12500,2829.36300,-536.24994,0.00000,0.00000,1.00000
-0.000000258137469348969882703202
-0.000089083414920058557749833750
0.000002471885154157135343415104
-0.000016027422873789002217030306
0.000000351185421695139580846917
-0.000104932175539146794194036993
-0.000005878452964658549242038185
-0.000030198949649094311011802289
-0.000000458778134580321214704455
-0.000212900355846107921901910753
-0.000109654432606428372393159165
0.000056631703114126132839883931
0.000003878486347809362778558343
-0.000390966481186725092235312307
0.000064969833162964476494689869
0.000068630387229074053942121103
0.000001817632151627645933108894
-0.000136328699009929894597412114
0.000073272179819698383062241687
0.000086038319295337218478580965
-0.000004137307928118774489202169
-0.000365350253346447353692411086
0.000106350076389117968733710740
-0.000052725758794543224573445062
-0.000003417817025900336250552160
-0.000454479129684850135725837639
-0.000192970406306552548026181371
0.000114930964559799097092843145
0.000001968517114615774225969049
-0.000714259694311858948922999701
-0.000294513453578829596801735846
0.000194450083011474034091342622
0.000000239479061333749092650513
-0.000530738178078210597402031290
-0.000140192262789715392035452823
0.000122243167213439507621380864
0.000000188060998270443483545633
-0.000262458284528886806770409112
0.000091696067415823463795515602
0.000042138530775958411183409330
0.000000019134601329894088213096
0.000021791243774639334980546337
0.000084209248399105110830485665
0.000009179564361417078978259455
-0.000000025092772001396147081289
0.000086004857124836423410557673
0.000029916695943617841509792887
0.000009473946094167498820646026
-0.000000156744411484556790435660
0.000036499535888960096450227277
0.000009343162199669931443552807
-0.000098301414895012151459914584
ENDHRBFSurf
HRBFSurf
1029.94200,1429.27100,-402.73000,0.00000,0.00000,1.00000
2475.89800,1449.97300,-636.10000,0.00000,0.00000,1.00000
1808.22100,1453.91800,-518.30000,0.00000,0.00000,1.00000
626.73700,1865.70300,-409.10000,0.00000,0.00000,1.00000
1895.38900,2114.78500,-653.17800,0.00000,0.00000,1.00000
447.82990,1917.59610,-381.58105,0.00000,0.00000,1.00000
897.75050,2084.84050,-419.28320,0.00000,0.00000,1.00000
1122.59750,2168.76720,-474.58911,0.00000,0.00000,1.00000
1458.37910,2298.56000,-566.97974,0.00000,0.00000,1.00000
1746.18850,2413.73510,-606.79419,0.00000,0.00000,1.00000
2026.80510,2510.48320,-608.71118,0.00000,0.00000,1.00000
2466.27320,2676.18030,-588.69336,0.00000,0.00000,1.00000
2991.12500,2829.36300,-561.38544,0.00000,0.00000,1.00000
-0.000000259618731018714286898444
-0.000086730066840397465892549544
0.000001176750045606584066704733
-0.000016405383766095792081934554
0.000000367711805142767758751443
-0.000109388793905478945195537677
-0.000005093335381305634394831592
-0.000028578410866297025732423245
-0.000000477152696260839554530495
-0.000216096875888642200088524126
-0.000109141921277950524498713547
0.000057839338346891959886496987
0.000003896098816647752988184036
-0.000390422142807307669728350552
0.000064693351687036804685548841
0.000068847592744052490184442084
0.000001817428387375486225908646
-0.000137300611849998783738427410
0.000073556266156965199550822609
0.000086853499429725768989606072
-0.000004145119837091836358133109
-0.000366081472897129367536500633
0.000106676960436637060635617358
-0.000052463542835553107985049892
-0.000003398164568845763810702896
-0.000450786010185030719486093398
-0.000191345705502602374909956739
0.000113354557399732435189407265
0.000001956006828593477642669113
-0.000709205283238285876835915733
-0.000292915694948725014237767006
0.000191591870655681681314547182
0.000000243038308382043134358072
-0.000526320272766227074436040656
-0.000138876596126957465747106535
0.000120272568956213837549490409
0.000000178473175276115335884683
-0.000259279141489041683316107978
0.000092764964652868023742456061
0.000041397130315594358345755721
0.000000011185740202727778560845
0.000022149283018334649876567369
0.000084498138465353389808636109
0.000009152262052994805901877384
-0.000000024843446934827554306366
0.000085265517046140336214488098
0.000030257661260526328144294245
0.000009458502186438754849020713
-0.000000156490700361969066347926
0.000036309160241338733223458168
0.000009805082582510101947277474
-0.000098347987011516380616814315
ENDHRBFSurf
HRBFSurf
1029.94200,1429.27100,-415.73000,0.00000,0.00000,1.00000
2475.89800,1449.97300,-651.10000,0.00000,0.00000,1.00000
1808.22100,1453.91800,-531.30000,0.00000,0.00000,1.00000
626.73700,1865.70300,-427.10000,0.00000,0.00000,1.00000
1895.38900,2114.78500,-669.17800,0.00000,0.00000,1.00000
447.82990,1917.59610,-399.55664,0.00000,0.00000,1.00000
897.75050,2084.84050,-436.74829,0.00000,0.00000,1.00000
1122.59750,2168.76720,-491.46899,0.00000,0.00000,1.00000
1458.37910,2298.56000,-583.35828,0.00000,0.00000,1.00000
1746.18850,2413.73510,-622.82251,0.00000,0.00000,1.00000
2026.80510,2510.48320,-624.35242,0.00000,0.00000,1.00000
2466.27320,2676.18030,-603.43140,0.00000,0.00000,1.00000
2991.12500,2829.36300,-574.86084,0.00000,0.00000,1.00000
-0.000000284834113123081068155262
-0.000081915773159076641935644192
-0.000004109893613173301929789548
-0.000016400900564519257343772118
0.000000372342157403390229923477
-0.000110888270917865790904377477
-0.000005366719102210738251532325
-0.000027668403181230819519193648
-0.000000488526294801587139073117
-0.000217925426251220651476317447
-0.000110993465321912077752898595
0.000059328130234161120641362547
0.000003929238059073126575790162
-0.000386250107141341680189183805
0.000060409279267484873577036958
0.000069001162824503268827455726
0.000001825509687276696251526575
-0.000136623107134520055828269536
0.000071611984849782688283131860
0.000087674598673211388616052786
-0.000004146640477993727627722617
-0.000366088312614094261044500600
0.000107531437200756904812477821
-0.000052472940610522516907340829
-0.000003373374269578381107198431
-0.000444702193251560640337161079
-0.000189805727046455377992825730
0.000111613139020138029148740411
0.000001933883646052530436235941
-0.000703615836723814574819868550
-0.000292332865078182664239636601
0.000188924416068350355070101787
0.000000246180069403496357218110
-0.000523372422325437888779298135
-0.000138072958857380446778470584
0.000118980825092068564054550994
0.000000181918986501215498867076
-0.000255782532029234603836859163
0.000094477371391681809367595057
0.000040801823467070476617827440
0.000000003217492734377667879096
0.000025887064498184372439079648
0.000086495683956752729307053407
0.000009327480168292246809954443
-0.000000026161783987517183052992
0.000089104460428621098380327914
0.000031786576780450762915418428
0.000009863786534372290433232006
-0.000000163938339931393333427737
0.000038167179012825778279191513
0.000010472467980066786427261090
-0.000098255570016936592727535560
ENDHRBFSurf
HRBFSurf
1029.94200,1429.27100,-449.73000,0.00000,0.00000,1.00000
2475.89800,1449.97300,-692.10000,0.00000,0.00000,1.00000
1808.22100,1453.91800,-574.30000,0.00000,0.00000,1.00000
626.73700,1865.70300,-436.10000,0.00000,0.00000,1.00000
1895.38900,2114.78500,-665.17800,0.00000,0.00000,1.00000
447.82990,1917.59610,-408.84131,0.00000,0.00000,1.00000
897.75050,2084.84050,-445.19873,0.00000,0.00000,1.00000
1122.59750,2168.76720,-497.78003,0.00000,0.00000,1.00000
1458.37910,2298.56000,-583.14795,0.00000,0.00000,1.00000
1746.18850,2413.73510,-620.65125,0.00000,0.00000,1.00000
2026.80510,2510.48320,-625.94141,0.00000,0.00000,1.00000
2466.27320,2676.18030,-619.77570,0.00000,0.00000,1.00000
2991.12500,2829.36300,-611.25061,0.00000,0.00000,1.00000
-0.000000173260269773333087677108
-0.000112720529320761096150546599
0.000022114972542400432016593964
-0.000013404511152846109632791674
0.000000400475090585032818778222
-0.000113282613070069812033838219
0.000006718470763512524451539342
-0.000031021041755499462210833583
-0.000000359028166508505242142244
-0.000221273703279291242230694681
-0.000075664036627993009860929097
0.000047432711681864484594070563
0.000003809700523775087258016806
-0.000395726472076677172982211994
0.000090191969511379629811757830
0.000067915246585097463613220348
0.000001610524568278209928573908
-0.000144520745057631860809241320
0.000104493278834527655407442281
0.000078021831134905545433212704
-0.000004115040256834220630587171
-0.000365134102681157878683704254
0.000101039810542005305629177647
-0.000051672277250559942333649199
-0.000003281253853774015773463613
-0.000432650981216218817170665600
-0.000176939707449587336433177720
0.000101767464417551036577787305
0.000001892885658222961918619809
-0.000676231283645496099136973367
-0.000270639233411893364786293681
0.000170290652819315990740278721
0.000000209666933827823235114669
-0.000495349144170851543762801317
-0.000127188086517045158317998355
0.000105101677925362245284712781
0.000000026394801666516261933832
-0.000262615735975103132236740944
0.000077948693188884500483888662
0.000037421173026416131501478701
0.000000040541080463442256230825
-0.000022652958216142865489547975
0.000058410706045916059646165575
0.000006961676741075509595069355
-0.000000008987480726303300284221
0.000025503720720527023964243479
0.000011635516115355569962178627
0.000005749185279690477131178672
-0.000000047892767563143885338981
0.000008013821120845220080664006
0.000004235491419411730688177053
-0.000098977271704914424597411549
ENDHRBFSurf
HRBFSurf
1029.94200,1429.27100,-446.73000,0.00000,0.00000,1.00000
1808.22100,1453.91800,-571.30000,0.00000,0.00000,1.00000
626.73700,1865.70300,-474.10000,0.00000,0.00000,1.00000
1895.38900,2114.78500,-713.17800,0.00000,0.00000,1.00000
447.82990,1917.59610,-447.33643,0.00000,0.00000,1.00000
897.75050,2084.84050,-480.58105,0.00000,0.00000,1.00000
1122.59750,2168.76720,-532.80908,0.00000,0.00000,1.00000
1458.37910,2298.56000,-626.63647,0.00000,0.00000,1.00000
1746.18850,2413.73510,-672.22034,0.00000,0.00000,1.00000
2026.80510,2510.48320,-686.66229,0.00000,0.00000,1.00000
2466.27320,2676.18030,-698.21954,0.00000,0.00000,1.00000
2991.12500,2829.36300,-714.04611,0.00000,0.00000,1.00000
-0.000000380549120491440456312386
-0.000073252788711910800595675242
-0.000020743550920622714649112911
-0.000017223694880395243366269509
-0.000000185424517867942831662309
-0.000125686076572761602342803711
-0.000150720785175333327416194451
0.000015173562720525184306392258
0.000003942185739009657201054482
-0.000357673868453685839165906435
0.000047786939379888105196639292
0.000067687067937540146495348226
0.000001662464891950623785529719
-0.000127155543521421796797701842
0.000009921489559109388937973087
0.000070359654329559876665030338
-0.000004030336733471158189995309
-0.000357349439846959605372733737
0.000107184636740577306527819057
-0.000058312423979749671530681265
-0.000003284927650985534500281248
-0.000416000123689847238657446571
-0.000179812411132091403255864326
0.000104999244060009170199238016
0.000001771789942641941984863242
-0.000691274753551046074705188627
-0.000290257587476394662059225871
0.000187372253662932341730651409
0.000000078944366591839323694646
-0.000555142871293547624129971485
-0.000148395768198783832222953372
0.000133859038521718049039727072
0.000000029605414961774285867255
-0.000341668235760184536668748745
0.000041739306641675370877341694
0.000049579320031780855257234897
0.000000263139285968263491800363
-0.000106428157481757199682645409
0.000015356270368953621794196399
0.000007092153312058445788657480
0.000000032306574258819535498495
-0.000047390042340316540579302912
-0.000025207947229738809869978300
0.000002696532366949581346259003
0.000000108407972710358825748152
-0.000030854972837872020232762721
-0.000020636906343092970727475313
-0.000111796583723189913166413956
ENDHRBFSurf
HRBFSurf
1029.94200,1429.27100,-461.73000,0.00000,0.00000,1.00000
1808.22100,1453.91800,-590.30000,0.00000,0.00000,1.00000
626.73700,1865.70300,-484.10000,0.00000,0.00000,1.00000
447.82990,1917.59610,-457.45532,0.00000,0.00000,1.00000
897.75050,2084.84050,-467.10498,0.00000,0.00000,1.00000
1122.59750,2168.76720,-482.35767,0.00000,0.00000,1.00000
1458.37910,2298.56000,-510.68408,0.00000,0.00000,1.00000
1746.18850,2413.73510,-528.81299,0.00000,0.00000,1.00000
2026.80510,2510.48320,-541.32019,0.00000,0.00000,1.00000
2466.27320,2676.18030,-556.38599,0.00000,0.00000,1.00000
2991.12500,2829.36300,-574.31866,0.00000,0.00000,1.00000
-0.000000334261120421817977086960
-0.000078067524783179446327269213
-0.000007678936668096256719178404
-0.000016050572943060955780980939
0.000000310958080374829810538608
-0.000098601409958917507784723067
0.000011350091608607516615345005
-0.000013600584121469408039749489
0.000004413489630832846036376151
-0.000292827901133025140199828140
0.000114154590835368563938277686
0.000067038345188053357010318778
-0.000003995727080550468609133202
-0.000357849042220589148508014254
0.000103625996203133736452660363
-0.000055343874300625409319315945
-0.000001421029195423521507553690
-0.000074329611857876294492113167
-0.000008768106929066661492529720
0.000021492437437329604664080704
0.000000512800110783395535305352
-0.000223660812548840803176686265
-0.000090113602588114344663083877
0.000026636831989441771273430248
-0.000000061233207474043669362327
-0.000194867425338692641569732222
-0.000054526311328635824061516341
0.000024745035646619897000018581
0.000000099979663595349026024060
-0.000158067186884122939504598859
-0.000044507263104900624624184896
0.000013937485417501954164452675
0.000000324936382121058161985474
-0.000100740871399235241176288447
-0.000028099430943220120960668665
0.000009371551122080987915536135
0.000000037822191065865927973541
-0.000060720736651129623615529007
-0.000020097204659581160003482825
0.000003591821346780296700683171
0.000000109884494050752108313257
-0.000028654417886473750097606900
-0.000009967272068835911569078222
-0.000112245640562224120056512844
ENDHRBFSurf
HRBFSurf
447.82990,1917.59610,-457.45532,0.00000,0.00000,1.00000
897.75050,2084.84050,-457.45532,0.00000,0.00000,1.00000
1122.59750,2168.76720,-457.45532,0.00000,0.00000,1.00000
1458.37910,2298.56000,-457.45532,0.00000,0.00000,1.00000
1746.18850,2413.73510,-457.45532,0.00000,0.00000,1.00000
2026.80510,2510.48320,-457.45532,0.00000,0.00000,1.00000
2466.27320,2676.18030,-457.45532,0.00000,0.00000,1.00000
2991.12500,2829.36300,-457.45532,0.00000,0.00000,1.00000
0.000000000000000000000000000000
0.000000000000000000000000000000
0.000000000000000000000000000000
-0.000123369845631935749503266253
0.000000000000000000000000000000
0.000000000000000000000000000000
0.000000000000000000000000000000
0.000000003206041374729363304115
0.000000000000000000000000000000
0.000000000000000000000000000000
0.000000000000000000000000000000
0.000000020192435701367168757243
0.000000000000000000000000000000
0.000000000000000000000000000000
0.000000000000000000000000000000
0.000000046881115444635852139873
0.000000000000000000000000000000
0.000000000000000000000000000000
0.000000000000000000000000000000
-0.000000099187589747173234599103
0.000000000000000000000000000000
0.000000000000000000000000000000
0.000000000000000000000000000000
0.000000120948259848396212362830
0.000000000000000000000000000000
0.000000000000000000000000000000
0.000000000000000000000000000000
-0.000000237355870354742059894908
0.000000000000000000000000000000
0.000000000000000000000000000000
0.000000000000000000000000000000
-0.000123234734263489073948297237
ENDHRBFSurf
HRBFSurf
447.82990,1917.59610,-457.45532,0.00000,0.00000,1.00000
897.75050,2084.84050,-457.45532,0.00000,0.00000,1.00000
1122.59750,2168.76720,-457.45532,0.00000,0.00000,1.00000
1458.37910,2298.56000,-457.45532,0.00000,0.00000,1.00000
1746.18850,2413.73510,-457.45532,0.00000,0.00000,1.00000
2026.80510,2510.48320,-457.45532,0.00000,0.00000,1.00000
2466.27320,2676.18030,-457.45532,0.00000,0.00000,1.00000
2991.12500,2829.36300,-457.45532,0.00000,0.00000,1.00000
0.000000000000000000000000000000
0.000000000000000000000000000000
0.000000000000000000000000000000
-0.000123369845631935749503266253
0.000000000000000000000000000000
0.000000000000000000000000000000
0.000000000000000000000000000000
0.000000003206041374729363304115
0.000000000000000000000000000000
0.000000000000000000000000000000
0.000000000000000000000000000000
0.000000020192435701367168757243
0.000000000000000000000000000000
0.000000000000000000000000000000
0.000000000000000000000000000000
0.000000046881115444635852139873
0.000000000000000000000000000000
0.000000000000000000000000000000
0.000000000000000000000000000000
-0.000000099187589747173234599103
0.000000000000000000000000000000
0.000000000000000000000000000000
0.000000000000000000000000000000
0.000000120948259848396212362830
0.000000000000000000000000000000
0.000000000000000000000000000000
0.000000000000000000000000000000
-0.000000237355870354742059894908
0.000000000000000000000000000000
0.000000000000000000000000000000
0.000000000000000000000000000000
-0.000123234734263489073948297237
ENDHRBFSurf
ENDHRBFSurfList
ENDREGION
