SurfList
Surf
2164.25600,736.30700,111.21000,0.00000,0.00000,1.00000
1029.94200,1429.27100,112.27000,0.00000,0.00000,1.00000
2475.89800,1449.97300,112.90000,0.00000,0.00000,1.00000
1808.22100,1453.91800,112.70000,0.00000,0.00000,1.00000
626.73700,1865.70300,99.90000,0.00000,0.00000,1.00000
2756.37100,2047.56000,105.80000,0.00000,0.00000,1.00000
3032.92100,2741.74800,98.10000,0.00000,0.00000,1.00000
917.79600,1218.77600,113.20000,0.00000,0.00000,1.00000
1304.39000,2105.35900,97.77000,0.00000,0.00000,1.00000
1895.38900,2114.78500,105.82200,0.00000,0.00000,1.00000
2463.07000,2946.60000,102.92000,0.00000,0.00000,1.00000
1792.93700,3628.76000,89.68000,0.00000,0.00000,1.00000
0.000000002282356548603617074495
0.000000306058794742680706677619
0.000001083852157352392913880674
-0.000063852413832553089412594205
0.000000003698286712574304023549
0.000001888873836093280553054263
-0.000026149407977779102937301511
0.000023214136283707570472881199
-0.000000029035470041515628355669
-0.000003206033950394728369176229
-0.000006669035990753600467951731
-0.000005638917871363560568051618
-0.000000027082260670737724127279
0.000002781724994672429612709713
-0.000008135087296835551330534755
0.000024280921155094799593603810
0.000000052119643827586819310268
0.000005987965176100870594148341
-0.000016623050615536271205300439
-0.000048285038544064644099561290
0.000000002893265781703865190082
-0.000005171851270987181357907669
-0.000013518101905852469875996512
-0.000003574966823841562073098797
0.000000037083739495939162995568
-0.000006812550162213964815779987
-0.000003497003128819866964052763
-0.000055508811474681610232360940
-0.000000082021123826175104921177
0.000000978217508117312998096142
-0.000008819380368609694887012396
-0.000050632759367100476375136986
0.000000070922639774317517862134
0.000009299463546375746539731158
-0.000012514290664466407463554891
0.000017976910309039219966389250
-0.000000017446297203598124781281
0.000011691768828344596318179194
-0.000009377117782753229867170018
0.000027678240110135372370426740
-0.000000030524731088688168486235
-0.000002748370172567378694596183
-0.000005538522100993694704086992
0.000016196218910192428336140835
0.000000016919180465314388387547
0.000004206084045198919642359441
-0.000005325415802819008242346196
-0.000066304233827676914382262541
ENDSurf
ENDSurfList
