SurfList
Surf_1
447.82990000000,1917.59610000000,110.00000000000,-0.36625763142,0.93051348589,0.26794919243
897.75050000000,2084.84050000000,110.00000000000,-0.36625763142,0.93051348589,0.26794919243
1122.59750000000,2168.76720000000,110.00000000000,-0.36625763142,0.93051348589,0.26794919243
1458.37910000000,2298.56000000000,110.00000000000,-0.36625763142,0.93051348589,0.26794919243
1746.18850000000,2413.73510000000,110.00000000000,-0.36625763142,0.93051348589,0.26794919243
2026.80510000000,2510.48320000000,110.00000000000,-0.36625763142,0.93051348589,0.26794919243
2466.27320000000,2676.18030000000,110.00000000000,-0.36625763142,0.93051348589,0.26794919243
2991.12500000000,2829.36300000000,110.00000000000,-0.36625763142,0.93051348589,0.26794919243
-0.00000008286077284426507857651556616593313542296073
0.00002475561384429571574030196079441168421908514574
-0.00012235709727770978025307435643753706244751811028
-0.00003305685050729094772879387842401399666414363310
-0.00000022508347632683990241194219028564305062900530
-0.00005326380933022119632111110454353308796271448955
-0.00001984250331807481729489567312540998500480782241
0.00000000085905619724713419199442870742436731412717
0.00000026060149649356389275938394520237828544395597
-0.00004258993366625234573133104709619090044725453481
-0.00001593794882525944691981263645619293356503476389
0.00000000541054683936064075525767256332615451341894
0.00000010639811336044924307714940395208635948165465
0.00000049945339917627812816204721166335467330554820
0.00000046089973198227163854578795378069688837285867
0.00000001256175702367823914237796099728494692016056
-0.00000054668354506338603383922307085707181784073327
-0.00005981514098465055151053124116167225565732223913
-0.00002046834402617450616264013762979345756320981309
-0.00000002657723457191270083139224267559236336566642
0.00000042221057492480776174219943459864357038213711
-0.00008291526061285764404289871931652555758773814887
-0.00002866376424304425228205446540830081403328222223
0.00000003240798855224151081039042697311269858317928
-0.00000023860768356672465473320462851780643376287117
-0.00009393421450113443693478998408608049430768005550
-0.00002938078330075825708180524420409795993691659532
-0.00000006359931378008428014181379001393268346475907
0.00000030402528291622954515738253521150991076638093
-0.00003650940617687490220150126063458628777880221605
-0.00013832844496929403072839337429655870437272824347
-0.00003302064752522754838715696168449653669085819274
ENDSurf
ENDSurfList
