SurfList
Surf_1
88070.07740,48376.48990,103.67314,0.36626,-0.93051,0.26795
88218.74550,48436.33050,103.33383,0.36626,-0.93051,0.26795
88441.38660,48525.94620,102.65980,0.36626,-0.93051,0.26795
88664.22090,48615.07750,101.93303,0.36626,-0.93051,0.26795
88775.79950,48659.23870,101.59602,0.36626,-0.93051,0.26795
89447.82990,48917.59610,100.29839,0.36626,-0.93051,0.26795
89897.75050,49084.84050,100.05766,0.36626,-0.93051,0.26795
90122.59750,49168.76720,98.69813,0.36626,-0.93051,0.26795
90458.37910,49298.56000,99.78484,0.36626,-0.93051,0.26795
90746.18850,49413.73510,103.67887,0.36626,-0.93051,0.26795
91026.80510,49510.48320,104.57644,0.36626,-0.93051,0.26795
91466.27320,49676.18030,103.11603,0.36626,-0.93051,0.26795
91991.12500,49829.36300,98.34048,0.36626,-0.93051,0.26795
-0.000000321326754640617698631700
-0.000052324333116163602769212865
0.000064790745902429728014099153
-0.000021300771678353456063236687
0.000000174828377445121451786683
-0.000040191852279669082242865435
-0.000016183511022151343293137837
0.000000105327014147358743953125
0.000000036700626424105570591468
-0.000028542125301404691221701312
-0.000011456525662374111203538514
0.000000089586139467982705921248
-0.000000073291474343764724914931
-0.000022451017207905025178547517
-0.000008927982273978369082340946
0.000000069674957707674517162781
0.000000197513814742542160108935
-0.000005376912098169814625023104
-0.000002155591479645051865553793
0.000000017719174296419736342579
0.000000067852776100920667179140
0.000023347369715907159378777413
0.000008766411672101576645077525
-0.000000023019655439901845768216
0.000000199301738199162164749120
0.000050170493561117827365988808
0.000018682214947873449943172366
-0.000000193608133365568542608086
-0.000000227996378483838050990027
0.000040670019429132051903830192
0.000015245901033365986680287972
-0.000000167457494867901278673062
-0.000000077611508292167811423575
0.000005571237717475199499909348
0.000002007284518462821968249081
-0.000000029270614992543272056621
0.000000520847342309021284827652
0.000066171583957317709661152816
0.000022859282146864241336628454
0.000000173799705468659011627596
-0.000000435186745776470039639663
0.000083337028677245330297342074
0.000028895986565517966843021774
0.000000199039658898525394730941
0.000000234535679720832585455794
0.000091099280093046442873666591
0.000028287713830759766319355650
-0.000000768040117524750504500995
-0.000000296167486339787449188538
0.000049368686414149409540357699
0.000096811375614043102249411943
-0.000022059972596902165293836912
ENDSurf
Surf_2
89311.38050,50958.28070,99.91122,0.95839,0.28547,-0.57735
89351.35580,50793.05930,99.57701,0.95839,0.28547,-0.57735
89419.41230,50562.91540,100.38204,0.95839,0.28547,-0.57735
89508.06310,50265.86170,102.62082,0.95839,0.28547,-0.57735
89593.25570,49988.65880,103.99182,0.95839,0.28547,-0.57735
89714.71130,49639.77350,106.73610,0.95839,0.28547,-0.57735
89895.64820,49314.57440,102.25171,0.95839,0.28547,-0.57735
-0.000001763134787081309008688204
-0.000215099931524501098659835074
0.000086952558063178083530564422
0.000110326203726655148020310837
0.000001695174379527989525160152
-0.000038641230869173298211483730
0.000153195485157451904761546913
0.000000431250221672634694686335
0.000000030076093556146021428632
-0.000003572579625807249499249872
0.000013584792778640060231776752
-0.000000191304212170982446322899
0.000000108706004418987952988993
0.000001844491923727230415919610
-0.000003997233768980005390607149
-0.000000096701565220974721175540
0.000000231594725341100920847564
0.000021769277507987927483676036
-0.000062327244829817499507419731
0.000000269554804604425913835080
0.000001310175632262562724224784
0.000157847518759786804029912610
-0.000317889148239271679581563479
-0.000001415569344297406203527466
-0.000001612589913922407409570237
-0.000031023888373753714942093751
-0.000319176726822370851986698792
0.000105469143932497840345820228
ENDSurf
Surf_3
88924.65010,51124.10350,101.23378,0.99180,0.12777,0.36397
88954.95800,50897.11880,100.55975,0.99180,0.12777,0.36397
88995.86610,50700.39340,100.77067,0.99180,0.12777,0.36397
89042.54990,50536.94470,101.64875,0.99180,0.12777,0.36397
89112.63020,50307.40770,102.63687,0.99180,0.12777,0.36397
89160.35140,50123.54430,103.78204,0.99180,0.12777,0.36397
89203.93030,49887.64830,105.97495,0.99180,0.12777,0.36397
89226.58910,49648.82420,106.93785,0.99892,-0.04639,0.36397
89229.64000,49484.37270,106.20650,0.99892,-0.04639,0.36397
89223.90610,49238.94570,103.76485,0.98481,-0.17365,0.36397
89218.16650,49037.20110,101.64072,0.98481,-0.17365,0.36397
0.000000101062629258124251861514
-0.000148595507082095615401101663
-0.000051552655066123595332689550
-0.000057573244663068626138409389
0.000001844590158668140614098892
0.000040336963441395945603393236
-0.000195715654461819569100503036
0.000000189391477803107342106897
0.000003326961178378462016000470
0.000162872791416756505875756966
-0.000615916783700690378781927858
0.000002710108677649488483703440
-0.000002307471600002964015472184
0.000226943737470447650219143587
-0.000764175620781067034721634190
0.000004020152462613374455286525
0.000000606069910996316804439172
0.000187434297752236950608886734
-0.000661751013695908584140437103
0.000003557001876459186748697912
-0.000002532883545013819608977433
0.000104734433962278279781239754
-0.000444202598306602598927927961
0.000002996356749333922342204200
-0.000000049756590540473587006678
0.000030558393013808137514495528
-0.000172210532886006296689543338
0.000001364835303774307643959207
0.000001384826189837096072334714
0.000010791618190154206861257682
-0.000367378535719396542760101232
-0.000001153247308989043217914718
-0.000000959043715135105268902662
0.000007138218029065697332023483
-0.000318644595253129915991135990
-0.000003189858645391130551537909
0.000002098585746348310827723163
-0.000021769246000537863255539991
-0.000563470267221455843598132418
-0.000004834034771918711241979558
-0.000003445947681567398540602738
-0.000165783432656725843515332919
-0.000324859832083145754020453433
-0.000060659520701147533292430652
ENDSurf
Surf_4
88471.99190,51125.56910,102.14625,0.96009,0.27969,-0.36397
88513.60160,51034.85750,101.69918,0.96009,0.27969,-0.36397
88570.35860,50866.26690,101.16729,0.96009,0.27969,-0.36397
88635.35860,50636.26690,101.02057,0.96009,0.27969,-0.36397
88708.24890,50406.51250,102.47409,0.96009,0.27969,-0.36397
88785.99390,50158.59550,104.75526,0.96009,0.27969,-0.36397
88844.70420,49962.74270,106.34864,0.98817,0.15335,-0.36397
88864.89060,49793.96600,106.75215,0.98817,0.15335,-0.36397
88880.36920,49554.48100,105.98182,0.98817,0.15335,-0.36397
88927.03350,49253.86760,103.80841,0.94653,0.32261,-0.36397
88997.26780,49108.53420,102.53256,0.87613,0.48207,-0.36397
0.000014803411150610282589774186
0.000155807921118946600879881514
-0.000696304386572450285941560111
0.000054350269943109484377559426
-0.000013490309158649147215614482
0.000343287847628773927586426362
-0.000786635121721719230911129550
-0.000003196137189471586756629078
-0.000001475013132032628612407867
0.000032920592204829184741158438
-0.000097212010132217131189343029
-0.000000243552058796380623172041
0.000000507546458140075616424834
0.000010030606700852461897542460
-0.000026535718845643640394172877
0.000000186078030107468770938786
-0.000000115806220417249940725357
0.000023615822641674036189759350
-0.000074107624834182617926808812
0.000000558807583696704960532357
0.000001406925027842835130369148
0.000050931434690716389341539477
-0.000141719312415449985457019388
0.000002016295906072086574641576
-0.000002899248527532378499275544
0.000040005012247915335888738542
-0.000111725896566569228162031646
0.000001074395190757413004342897
-0.000000291102241809237102050569
-0.000022932444078167247539148249
0.000287773861613096094014957460
0.000000119576762763481534170663
0.000000621526990246305713921806
-0.000012981810176206436769968597
0.000274580833849486004392265182
0.000001413914509927234616914354
0.000002332438257123929043135779
0.000039342417150625860983257504
-0.000007790979339378132598626508
0.000001566813885153225345127728
-0.000001450326939230618594544675
-0.000121699338127819459880532560
-0.000093419169524179736111349492
0.000055840859509488546255293051
ENDSurf
Surf_5
85840.36360,51205.38820,98.69632,0.99475,0.10232,-0.36397
85836.43790,51064.45580,97.87027,0.99475,0.10232,-0.36397
85832.91780,50849.51100,97.14512,0.99475,0.10232,-0.36397
85846.09020,50584.89330,98.21498,0.99475,0.10232,-0.36397
85871.01800,50346.22070,101.71753,0.99475,0.10232,-0.36397
85913.17660,50064.41160,104.90658,0.99475,0.10232,-0.36397
85966.39680,49708.37530,106.18816,0.99475,0.10232,-0.36397
85999.58470,49477.90980,106.18816,0.99475,0.10232,-0.36397
-0.000006431449630513170454037056
-0.000176424938223727879003932539
0.000434733551652454429641697642
0.000072433625651658210321294507
0.000003891939432848814951467018
0.000017190663997371652811597606
0.000726157158619891913466093403
0.000003552024121686224356791214
0.000001767265897712487548255932
-0.000002415689362855174379034282
0.000375096203232197023327842977
0.000000615260507721309810085170
0.000000707065030655281908363930
-0.000007066924053982939336155614
0.000109853932903587950937161766
-0.000000496591059006333694025002
0.000000581069704844300881677824
0.000009400676780193168081316626
-0.000065023905411809007474401023
0.000000852389557124428934027464
-0.000000172051824557245090209864
0.000020589425547288151495915753
-0.000133841961391189254778483209
0.000001045256097269436158496577
0.000000403277995037237819745085
0.000021888137838159754601681517
-0.000147260242046082391988506832
0.000000191419117588887430100753
-0.000000747116437860834953669045
-0.000178405282564946752457343826
-0.000104534524643273350036874747
0.000069850652726898549544319594
ENDSurf
Surf_6
85692.39380,51178.87100,98.92753,0.99762,0.06896,-0.36397
85705.55650,51061.73800,98.28014,0.99762,0.06896,-0.36397
85709.35130,50853.87880,97.72734,0.99762,0.06896,-0.36397
85704.75280,50621.19070,98.60594,0.97049,0.24114,-0.36397
85720.68700,50403.55760,101.04922,0.97049,0.24114,-0.36397
85743.44070,50212.40100,103.54705,0.97049,0.24114,-0.36397
85834.56540,49961.15990,105.75714,0.97049,0.24114,-0.36397
85885.45290,49828.45530,105.98870,0.97049,0.24114,-0.36397
85937.89370,49666.97670,106.12626,0.97049,0.24114,-0.36397
85995.55480,49463.75420,106.13428,0.97049,0.24114,-0.36397
86082.03330,49176.76410,105.51642,0.97049,0.24114,-0.36397
0.000003209258009444611785759100
-0.000142117333454757195860054808
-0.000196211394242574413589175197
0.000058317430500596804314288046
-0.000004381093477507979446676587
0.000022039126481313205954074702
-0.000069357036353789872020099427
-0.000001044826249479423789666877
-0.000002094050176125655316535651
0.000029516155975677723402291266
0.000435456825651566186048679885
-0.000001841120661624398516722644
-0.000000401649893797586693161995
-0.000045153220624221568791235165
0.000836337828542673528652018344
-0.000005461598267594546934075930
0.000000154605385855945395510020
-0.000069798564280467212720369952
0.000730609194088994670125691844
-0.000008742427565136501346168725
0.000004906691990164348027335731
0.000013468470190648972457892960
0.000153308982097216379807125275
-0.000001247013439550608289888380
0.000004610147485226929769030948
0.000219664174001952904437609537
-0.000577115599462740412779748755
0.000002160340207391222221259023
-0.000003592850030711135554613344
0.000220060232824802735375480101
-0.000595168577431673308936188604
0.000000459617539571700972144232
-0.000001694704105411609324161265
0.000086630694185536015212295569
-0.000270820757520138588950175951
-0.000000058268282348410737109627
-0.000000182355139370876600646949
0.000045191376909680754288007459
-0.000154585421529718951630383295
-0.000000150417713282433244999649
-0.000000575854156288540290634039
-0.000130783949168941643478522585
-0.000128330337107679213906955007
0.000059158703306216601429216861
ENDSurf
ENDSurfList
