SurfList
Surf
91164.25600,47736.30700,111.21000,0.00000,0.00000,1.00000
90029.94200,48429.27100,112.27000,0.00000,0.00000,1.00000
91475.89800,48449.97300,112.90000,0.00000,0.00000,1.00000
90808.22100,48453.91800,112.70000,0.00000,0.00000,1.00000
89626.73700,48865.70300,99.90000,0.00000,0.00000,1.00000
91756.37100,49047.56000,105.80000,0.00000,0.00000,1.00000
92032.92100,49741.74800,98.10000,0.00000,0.00000,1.00000
89917.79600,48218.77600,113.20000,0.00000,0.00000,1.00000
90304.39000,49105.35900,97.77000,0.00000,0.00000,1.00000
90895.38900,49114.78500,105.82200,0.00000,0.00000,1.00000
91463.07000,49946.60000,102.92000,0.00000,0.00000,1.00000
90792.93700,50628.76000,89.68000,0.00000,0.00000,1.00000
86580.54500,50178.74200,103.77000,0.00000,0.00000,1.00000
88258.05600,49940.68600,114.81000,0.00000,0.00000,1.00000
88428.05400,50468.94000,102.89000,0.00000,0.00000,1.00000
85982.58100,49914.97000,105.88000,0.00000,0.00000,1.00000
87592.92200,50282.30500,104.66000,0.00000,0.00000,1.00000
86082.17100,50041.90500,104.07000,0.00000,0.00000,1.00000
88980.08200,50362.13200,102.58000,0.00000,0.00000,1.00000
89929.17400,49959.99300,103.86000,0.00000,0.00000,1.00000
86054.00700,50728.31400,96.55000,0.00000,0.00000,1.00000
85865.44300,49806.71700,106.00000,0.00000,0.00000,1.00000
86358.77500,50364.35900,101.89000,0.00000,0.00000,1.00000
86825.71600,50152.25600,103.79000,0.00000,0.00000,1.00000
87260.90300,49894.83300,114.72000,0.00000,0.00000,1.00000
87916.93100,50658.26700,100.73000,0.00000,0.00000,1.00000
88598.69800,50659.96000,100.98000,0.00000,0.00000,1.00000
87921.71900,50327.67300,103.55000,0.00000,0.00000,1.00000
88573.30200,49980.43500,106.80000,0.00000,0.00000,1.00000
88256.02000,50291.37000,104.74000,0.00000,0.00000,1.00000
89304.18100,50738.29300,99.52000,0.00000,0.00000,1.00000
89110.63300,49760.73700,107.04000,0.00000,0.00000,1.00000
89816.22400,50559.68700,101.01000,0.00000,0.00000,1.00000
87122.16900,49706.17100,121.47000,0.00000,0.00000,1.00000
89620.50700,49601.43000,107.16000,0.00000,0.00000,1.00000
87206.76500,50230.30000,104.00000,0.00000,0.00000,1.00000
86681.78400,50740.74100,97.10000,0.00000,0.00000,1.00000
87545.72800,50660.14200,99.64000,0.00000,0.00000,1.00000
86496.77500,49750.32400,109.84000,0.00000,0.00000,1.00000
87155.44500,50529.50700,98.92000,0.00000,0.00000,1.00000
87929.02000,49907.56800,118.98000,0.00000,0.00000,1.00000
89398.64900,50109.37100,103.26000,0.00000,0.00000,1.00000
86215.71300,50199.36700,103.69000,0.00000,0.00000,1.00000
0.000000002425067176378355157601
0.000000332541647144691257404625
0.000001584023250200806156340089
-0.000029942064227305642467192454
0.000000002432464515986114315950
0.000001804832069928725499721061
-0.000026766436520641642270602195
0.000004701227567541051327365455
-0.000000029036895390154509513639
-0.000003020800203050566536247317
-0.000006726057076293119568299438
-0.000005367927085681906189352716
-0.000000026040360741625608848316
0.000002647101422671665260562832
-0.000008162113346954722264644556
0.000009035858392987533701731784
0.000000065423766964275544275209
0.000005845799573854364058729874
-0.000009732072096516793395688805
0.000001776876728313736929893395
0.000000002873301574606267487218
-0.000005122353695171447650075908
-0.000013530814727286846716825322
-0.000004325208370550175195469542
0.000000037358637290412727626629
-0.000006647977220958344594025843
-0.000003148914995781333166251963
-0.000029509569041475786191396427
-0.000000080738713397223125414800
0.000000963927534733173221152282
-0.000008202525835060802184331950
-0.000009720663897709599059323779
0.000000082914525498439511466617
0.000006720700259021802701981871
-0.000008026942521013961375983548
0.000005215558901062104854432552
-0.000000018486010894103617767591
0.000011782251167899954966957962
-0.000009353849855963368927522054
0.000010799276831445560093265812
-0.000000031535276896598343547259
-0.000002658993219626678112887204
-0.000005396609958865178134450585
0.000005030274653567731663386924
0.000000030578926470260603856110
-0.000001097890728077273267239487
-0.000005603235996686165839653429
-0.000012612520330775022229987531
-0.000000034765547674379541169091
0.000003875778088544197857100940
-0.000019487641339792496431373992
0.000005101893452078267308567004
-0.000000302074215492421433867877
-0.000053910848857257959913878015
-0.000034562611820665729953257206
0.000003055167248176038622320318
0.000000005849972527739785341801
-0.000018755561894597676286019355
-0.000022944497368438341309334477
0.000001700330671567276419139003
-0.000000386084568377363157607796
-0.000019679642764251053919542442
-0.000031735798683397115169547292
0.000002763403619599120149079828
-0.000000034613038586361819326477
0.000003899816894292100158013123
-0.000042805571746798425504087343
0.000004042484487994308255717334
0.000000408077779279247680047825
-0.000018980938925803887939698991
-0.000034993765817918047608073989
0.000002150419141568179181840757
-0.000000002784297899555393050845
-0.000003467549157445676295135912
-0.000013902640763233466259071909
0.000003285942202229183976185459
0.000000009890599945625936472841
-0.000007289425051783871778107466
-0.000008930170125210496590408352
0.000006113118567139158281305809
0.000000059333910126071164493115
0.000002254194893234048708115713
-0.000011962041090869224117809733
-0.000030424725034297653541558865
-0.000000032296409472988559358119
-0.000000243384535996148107334319
-0.000001297398757772863038046545
-0.000034268926825985944690025620
0.000000169043784548549096885254
-0.000002606467718605898707516120
-0.000031825775250965333037622002
0.000007351570653825063670217931
0.000000066067049130203996509922
0.000007627330547095169835749608
-0.000031218501861394453984581421
0.000004705184881106193335164201
0.000000239916330903319949309775
-0.000025670784374703616074987408
-0.000099178005033694806454568071
0.000005558282082032790988920107
0.000000080495402607997440021095
0.000007614040526755674634872516
-0.000013117601105086404639568642
-0.000003964871815135879198595606
0.000000123833446435369029881235
-0.000008441894119065252840498730
-0.000011477618521837524762411152
-0.000004572374723288064411318588
0.000000112284985681304771536859
0.000001631796179400937960252225
-0.000047910438580639410103764741
0.000003788671309576287588380275
0.000000203715138318691453689623
-0.000038359065923425873984899115
-0.000016832051280904728216914271
0.000003145172427417209474478053
0.000000036631808594213264722857
-0.000006548740019051315040799193
-0.000051751876034657595790269141
0.000002893148808893976260827414
0.000000040401382337255533225620
-0.000001651602252720148797208999
-0.000004666033803608906360975601
-0.000007068180523047114630649877
-0.000000044973010193129578499758
-0.000002236355004879677310457688
-0.000005724840610486736841089946
0.000001813459275646480802016971
-0.000000002561010605723076351131
-0.000002941665394378145336303420
-0.000006734205769303402019335548
-0.000001121551265887866199221835
-0.000000599895016309200686543967
-0.000018353939597717558142786140
-0.000051680084282937657454756047
0.000000036318982345713496466143
-0.000000059412665172324346427115
-0.000006616617443630814400924549
-0.000000318312629265921550622234
0.000002314259052751129468888675
0.000000055713090593896065270439
0.000013946753200855655410836560
-0.000067690598457944791722928901
0.000004611541572277148595920652
0.000000065031954887133248692898
0.000000527945243044036887244106
-0.000010265055717358939916996480
-0.000005317186416754573746853898
0.000000099122465834158719898685
0.000007469461876659876358591772
-0.000012349312823676974253616322
-0.000003647385556508054727523549
-0.000000074079326898736555518499
0.000014930687257581379574354792
-0.000021065421828814082441660993
-0.000000212711813060144463577371
0.000000191197039369904367544831
0.000006874034436436525777791486
-0.000029030772703459961468644770
0.000001120815274668856452582890
-0.000000326158228005205316487274
-0.000004168276013890345648772208
-0.000039330735641181757396376423
0.000002763058095271166578698295
0.000000026459568909490114048163
-0.000003153319824949927405269854
-0.000014031516238136345272875631
0.000002800023243223430364058982
-0.000000131642036555732288248126
-0.000009492280324485764857406558
-0.000023260027767591659816773589
0.000003485047989671803853083728
ENDSurf
ENDSurfList
