SurfList
Surf
91164.25599999999,47736.30700000000,111.21000000000,0.00000000000,0.00000000000,1.00000000000
90029.94200000000,48429.27100000000,112.27000000000,0.00000000000,0.00000000000,1.00000000000
91475.89800000000,48449.97300000000,112.90000000000,0.00000000000,0.00000000000,1.00000000000
90808.22100000001,48453.91800000000,112.70000000000,0.00000000000,0.00000000000,1.00000000000
89626.73699999999,48865.70300000000,99.90000000000,0.00000000000,0.00000000000,1.00000000000
91756.37100000000,49047.56000000000,105.80000000000,0.00000000000,0.00000000000,1.00000000000
92032.92100000000,49741.74800000000,98.10000000000,0.00000000000,0.00000000000,1.00000000000
89917.79600000000,48218.77600000000,113.20000000000,0.00000000000,0.00000000000,1.00000000000
90304.39000000000,49105.35900000000,97.77000000000,0.00000000000,0.00000000000,1.00000000000
90895.38900000000,49114.78500000000,105.82200000000,0.00000000000,0.00000000000,1.00000000000
91463.07000000001,49946.60000000000,102.92000000000,0.00000000000,0.00000000000,1.00000000000
90792.93700000001,50628.76000000000,89.68000000000,0.00000000000,0.00000000000,1.00000000000
86580.54500000000,50178.74200000000,103.77000000000,0.00000000000,0.00000000000,1.00000000000
88258.05600000000,49940.68600000000,114.81000000000,0.00000000000,0.00000000000,1.00000000000
88428.05400000000,50468.94000000000,102.89000000000,0.00000000000,0.00000000000,1.00000000000
85982.58100000001,49914.97000000000,105.88000000000,0.00000000000,0.00000000000,1.00000000000
87592.92200000001,50282.30500000000,104.66000000000,0.00000000000,0.00000000000,1.00000000000
86082.17100000000,50041.90500000000,104.07000000000,0.00000000000,0.00000000000,1.00000000000
88980.08199999999,50362.13200000000,102.58000000000,0.00000000000,0.00000000000,1.00000000000
89929.17400000000,49959.99300000000,103.86000000000,0.00000000000,0.00000000000,1.00000000000
86054.00700000000,50728.31400000000,96.55000000000,0.00000000000,0.00000000000,1.00000000000
85865.44300000000,49806.71700000000,106.00000000000,0.00000000000,0.00000000000,1.00000000000
86358.77499999999,50364.35900000000,101.89000000000,0.00000000000,0.00000000000,1.00000000000
86825.71600000000,50152.25600000000,103.79000000000,0.00000000000,0.00000000000,1.00000000000
87260.90300000001,49894.83300000000,114.72000000000,0.00000000000,0.00000000000,1.00000000000
87916.93100000000,50658.26700000000,100.73000000000,0.00000000000,0.00000000000,1.00000000000
88598.69800000000,50659.96000000000,100.98000000000,0.00000000000,0.00000000000,1.00000000000
87921.71900000000,50327.67300000000,103.55000000000,0.00000000000,0.00000000000,1.00000000000
88573.30200000000,49980.43500000000,106.80000000000,0.00000000000,0.00000000000,1.00000000000
88256.02000000000,50291.37000000000,104.74000000000,0.00000000000,0.00000000000,1.00000000000
89304.18100000000,50738.29300000000,99.52000000000,0.00000000000,0.00000000000,1.00000000000
89110.63300000000,49760.73700000000,107.04000000000,0.00000000000,0.00000000000,1.00000000000
89816.22400000000,50559.68700000000,101.01000000000,0.00000000000,0.00000000000,1.00000000000
87122.16899999999,49706.17100000000,121.47000000000,0.00000000000,0.00000000000,1.00000000000
89620.50700000000,49601.43000000000,107.16000000000,0.00000000000,0.00000000000,1.00000000000
87206.76500000000,50230.30000000000,104.00000000000,0.00000000000,0.00000000000,1.00000000000
86681.78400000000,50740.74100000000,97.10000000000,0.00000000000,0.00000000000,1.00000000000
87545.72800000000,50660.14200000000,99.64000000000,0.00000000000,0.00000000000,1.00000000000
86496.77499999999,49750.32400000000,109.84000000000,0.00000000000,0.00000000000,1.00000000000
87155.44500000001,50529.50700000000,98.92000000000,0.00000000000,0.00000000000,1.00000000000
87929.02000000000,49907.56800000000,118.98000000000,0.00000000000,0.00000000000,1.00000000000
89398.64900000000,50109.37100000000,103.26000000000,0.00000000000,0.00000000000,1.00000000000
86215.71300000000,50199.36700000000,103.69000000000,0.00000000000,0.00000000000,1.00000000000
0.0000000024250671763783552
0.0000003325416471446912574
0.0000015840232502008061563
-0.0000299420642273056424672
0.0000000024324645159861143
0.0000018048320699287254997
-0.0000267664365206416422706
0.0000047012275675410513274
-0.0000000290368953901545095
-0.0000030208002030505665362
-0.0000067260570762931195683
-0.0000053679270856819061894
-0.0000000260403607416256088
0.0000026471014226716652606
-0.0000081621133469547222646
0.0000090358583929875337017
0.0000000654237669642755443
0.0000058457995738543640587
-0.0000097320720965167933957
0.0000017768767283137369299
0.0000000028733015746062675
-0.0000051223536951714476501
-0.0000135308147272868467168
-0.0000043252083705501751955
0.0000000373586372904127276
-0.0000066479772209583445940
-0.0000031489149957813331663
-0.0000295095690414757861914
-0.0000000807387133972231254
0.0000009639275347331732212
-0.0000082025258350608021843
-0.0000097206638977095990593
0.0000000829145254984395115
0.0000067207002590218027020
-0.0000080269425210139613760
0.0000052155589010621048544
-0.0000000184860108941036178
0.0000117822511678999549670
-0.0000093538498559633689275
0.0000107992768314455600933
-0.0000000315352768965983435
-0.0000026589932196266781129
-0.0000053966099588651781345
0.0000050302746535677316634
0.0000000305789264702606039
-0.0000010978907280772732672
-0.0000056032359966861658397
-0.0000126125203307750222300
-0.0000000347655476743795412
0.0000038757780885441978571
-0.0000194876413397924964314
0.0000051018934520782673086
-0.0000003020742154924214339
-0.0000539108488572579599139
-0.0000345626118206657299533
0.0000030551672481760386223
0.0000000058499725277397853
-0.0000187555618945976762860
-0.0000229444973684383413093
0.0000017003306715672764191
-0.0000003860845683773631576
-0.0000196796427642510539195
-0.0000317357986833971151695
0.0000027634036195991201491
-0.0000000346130385863618193
0.0000038998168942921001580
-0.0000428055717467984255041
0.0000040424844879943082557
0.0000004080777792792476800
-0.0000189809389258038879397
-0.0000349937658179180476081
0.0000021504191415681791818
-0.0000000027842978995553931
-0.0000034675491574456762951
-0.0000139026407632334662591
0.0000032859422022291839762
0.0000000098905999456259365
-0.0000072894250517838717781
-0.0000089301701252104965904
0.0000061131185671391582813
0.0000000593339101260711645
0.0000022541948932340487081
-0.0000119620410908692241178
-0.0000304247250342976535416
-0.0000000322964094729885594
-0.0000002433845359961481073
-0.0000012973987577728630380
-0.0000342689268259859446900
0.0000001690437845485490969
-0.0000026064677186058987075
-0.0000318257752509653330376
0.0000073515706538250636702
0.0000000660670491302039965
0.0000076273305470951698357
-0.0000312185018613944539846
0.0000047051848811061933352
0.0000002399163309033199493
-0.0000256707843747036160750
-0.0000991780050336948064546
0.0000055582820820327909889
0.0000000804954026079974400
0.0000076140405267556746349
-0.0000131176011050864046396
-0.0000039648718151358791986
0.0000001238334464353690299
-0.0000084418941190652528405
-0.0000114776185218375247624
-0.0000045723747232880644113
0.0000001122849856813047715
0.0000016317961794009379603
-0.0000479104385806394101038
0.0000037886713095762875884
0.0000002037151383186914537
-0.0000383590659234258739849
-0.0000168320512809047282169
0.0000031451724274172094745
0.0000000366318085942132647
-0.0000065487400190513150408
-0.0000517518760346575957903
0.0000028931488088939762608
0.0000000404013823372555332
-0.0000016516022527201487972
-0.0000046660338036089063610
-0.0000070681805230471146306
-0.0000000449730101931295785
-0.0000022363550048796773105
-0.0000057248406104867368411
0.0000018134592756464808020
-0.0000000025610106057230764
-0.0000029416653943781453363
-0.0000067342057693034020193
-0.0000011215512658878661992
-0.0000005998950163092006865
-0.0000183539395977175581428
-0.0000516800842829376574548
0.0000000363189823457134965
-0.0000000594126651723243464
-0.0000066166174436308144009
-0.0000003183126292659215506
0.0000023142590527511294689
0.0000000557130905938960653
0.0000139467532008556554108
-0.0000676905984579447917229
0.0000046115415722771485959
0.0000000650319548871332487
0.0000005279452430440368872
-0.0000102650557173589399170
-0.0000053171864167545737469
0.0000000991224658341587199
0.0000074694618766598763586
-0.0000123493128236769742536
-0.0000036473855565080547275
-0.0000000740793268987365555
0.0000149306872575813795744
-0.0000210654218288140824417
-0.0000002127118130601444636
0.0000001911970393699043675
0.0000068740344364365257778
-0.0000290307727034599614686
0.0000011208152746688564526
-0.0000003261582280052053165
-0.0000041682760138903456488
-0.0000393307356411817573964
0.0000027630580952711665787
0.0000000264595689094901140
-0.0000031533198249499274053
-0.0000140315162381363452729
0.0000028000232432234303641
-0.0000001316420365557322882
-0.0000094922803244857648574
-0.0000232600277675916598168
0.0000034850479896718038531
ENDSurf
ENDSurfList
