SurfList
Surf_1
88070.07739999999,48376.48990000000,103.67314147949,0.36625763142,-0.93051348589,0.26794919243
88218.74550000000,48436.33050000000,103.33383178711,0.36625763142,-0.93051348589,0.26794919243
88441.38660000000,48525.94620000000,102.65979766846,0.36625763142,-0.93051348589,0.26794919243
88664.22090000000,48615.07750000000,101.93303298950,0.36625763142,-0.93051348589,0.26794919243
88775.79949999999,48659.23870000000,101.59601593018,0.36625763142,-0.93051348589,0.26794919243
89447.82990000000,48917.59610000000,100.29838562012,0.36625763142,-0.93051348589,0.26794919243
89897.75049999999,49084.84050000000,100.05765914917,0.36625763142,-0.93051348589,0.26794919243
90122.59750000000,49168.76720000000,98.69812774658,0.36625763142,-0.93051348589,0.26794919243
90458.37910000001,49298.56000000000,99.78483581543,0.36625763142,-0.93051348589,0.26794919243
90746.18850000000,49413.73510000000,103.67887306213,0.36625763142,-0.93051348589,0.26794919243
91026.80510000000,49510.48320000000,104.57643890381,0.36625763142,-0.93051348589,0.26794919243
91466.27320000000,49676.18030000000,103.11603164673,0.36625763142,-0.93051348589,0.26794919243
91991.12500000000,49829.36300000000,98.34047698975,0.36625763142,-0.93051348589,0.26794919243
-0.00000032132675464061769863170010992636793645260695
-0.00005232433311616360276921286476259354003559565172
0.00006479074590242972801409915284409635205520316958
-0.00002130077167835345606323668721238107082172064111
0.00000017482837744512145178668333783678079385026649
-0.00004019185227966908224286543549474970404844498262
-0.00001618351102215134329313783734249909684876911342
0.00000010532701414735874395312519285344832198347831
0.00000003670062642410557059146762907617111970637325
-0.00002854212530140469122170131244242696766377775930
-0.00001145652566237411120353851395892164077849884052
0.00000008958613946798270592124843053616345400769205
-0.00000007329147434376472491493128983211513549633764
-0.00002245101720790502517854751729498019585662405007
-0.00000892798227397836908234094593916907456332410220
0.00000006967495770767451716278076704821908826659183
0.00000019751381474254216010893450347629674013205658
-0.00000537691209816981462502310379347747471001639497
-0.00000215559147964505186555379291635237137825242826
0.00000001771917429641973634257922211397012768330228
0.00000006785277610092066717913995323174791707288023
0.00002334736971590715937877741348316362746118102223
0.00000876641167210157664507752528493256249930709600
-0.00000002301965543990184576821631575599402808052218
0.00000019930173819916216474911981916540160142403693
0.00005017049356111782736598880827472157761803828180
0.00001868221494787344994317236646086399787236587144
-0.00000019360813336556854260808648460906455923691283
-0.00000022799637848383805099002660625451266440677500
0.00004067001942913205190383019171918022038880735636
0.00001524590103336598668028797204376800777936296072
-0.00000016745749486790127867306152229659454988563994
-0.00000007761150829216781142357533098199984245013638
0.00000557123771747519949990934753913940369329793612
0.00000200728451846282196824908065913017907178073074
-0.00000002927061499254327205662145488813258298321784
0.00000052084734230902128482765169742441102584962209
0.00006617158395731770966115281584762897182372398674
0.00002285928214686424133662845381564920899108983576
0.00000017379970546865901162759569451021768315968075
-0.00000043518674577647003963966278357322625680581041
0.00008333702867724533029734207412175805984588805586
0.00002889598656551796684302177431469260682206368074
0.00000019903965889852539473094052320523150712006100
0.00000023453567972083258545579350327903167539034257
0.00009109928009304644287366659050064754410414025187
0.00002828771383075976631935564975517394259441061877
-0.00000076804011752475050450099467586051460443741234
-0.00000029616748633978744918853766819599737658563754
0.00004936868641414940954035769915542175567679805681
0.00009681137561404310224941194285008805309189483523
-0.00002205997259690216529383691157484292943991022184
ENDSurf
Surf_2
89311.38050000000,50958.28070000000,99.91121673584,0.95838737043,0.28547092356,-0.57735026919
89351.35580000000,50793.05930000000,99.57701492310,0.95838737043,0.28547092356,-0.57735026919
89419.41230000000,50562.91540000000,100.38204193115,0.95838737043,0.28547092356,-0.57735026919
89508.06310000000,50265.86170000000,102.62082290649,0.95838737043,0.28547092356,-0.57735026919
89593.25569999999,49988.65880000000,103.99181747437,0.95838737043,0.28547092356,-0.57735026919
89714.71130000000,49639.77350000000,106.73609924316,0.95838737043,0.28547092356,-0.57735026919
89895.64820000000,49314.57440000000,102.25170898438,0.95838737043,0.28547092356,-0.57735026919
-0.00000176313478708130900868820446769635879036286497
-0.00021509993152450109865983507440034827595809474587
0.00008695255806317808353056442172146489610895514488
0.00011032620372665514802031083707589687037398107350
0.00000169517437952798952516015196928522712482845236
-0.00003864123086917329821148373025785360823647351936
0.00015319548515745190476154691250343375941156409681
0.00000043125022167263469468633549190605958045807711
0.00000003007609355614602142863178669759949279693956
-0.00000357257962580724949924987181304469885390062700
0.00001358479277864006023177675247515239220774674322
-0.00000019130421217098244632289871618169296851874606
0.00000010870600441898795298899271268011634816730293
0.00000184449192372723041591961023327739255250889983
-0.00000399723376898000539060714850214672821948624915
-0.00000009670156522097472117554042836395922222436639
0.00000023159472534110092084756412668389291553694420
0.00002176927750798792748367603555603722043088055216
-0.00006232724482981749950741973131940198982192669064
0.00000026955480460442591383507971065924824216608613
0.00000131017563226256272422478449390936816598696169
0.00015784751875978680402991261022549451809027232230
-0.00031788914823927167958156347893350357480812817812
-0.00000141556934429740620352746599541760019747016486
-0.00000161258991392240740957023711205087224129783863
-0.00003102388837375371494209375100581382866948843002
-0.00031917672682237085198669879204658172966446727514
0.00010546914393249784034582022806958434557600412518
ENDSurf
Surf_3
88924.65010000000,51124.10350000000,101.23377990723,0.99180326312,0.12777436079,0.36397023427
88954.95800000000,50897.11880000000,100.55974578857,0.99180326312,0.12777436079,0.36397023427
88995.86610000000,50700.39340000000,100.77066802979,0.99180326312,0.12777436079,0.36397023427
89042.54990000000,50536.94470000000,101.64874649048,0.99180326312,0.12777436079,0.36397023427
89112.63020000000,50307.40770000000,102.63687133789,0.99180326312,0.12777436079,0.36397023427
89160.35140000000,50123.54430000000,103.78204154968,0.99180326312,0.12777436079,0.36397023427
89203.93030000001,49887.64830000000,105.97494506836,0.99180326312,0.12777436079,0.36397023427
89226.58910000000,49648.82420000000,106.93785095215,0.99892332788,-0.04639164811,0.36397023427
89229.64000000000,49484.37270000000,106.20650100708,0.99892332788,-0.04639164811,0.36397023427
89223.90609999999,49238.94570000000,103.76484680176,0.98480775301,-0.17364817767,0.36397023427
89218.16650000001,49037.20110000000,101.64072227478,0.98480775301,-0.17364817767,0.36397023427
0.00000010106262925812425186151380807758615176794592
-0.00014859550708209561540110166255601598095381632447
-0.00005155265506612359533268954980833598256140248850
-0.00005757324466306862613840938935894087080669123679
0.00000184459015866814061409889244358417670355265727
0.00004033696344139594560339323603415095931268297136
-0.00019571565446181956910050303566350748951663263142
0.00000018939147780310734210689653858605829839234502
0.00000332696117837846201600046983082314966395642841
0.00016287279141675650587575696626174703851575031877
-0.00061591678370069037878192785839814860082697123289
0.00000271010867764948848370343964520046142752107698
-0.00000230747160000296401547218404226580190652384772
0.00022694373747044765021914358715804382882197387516
-0.00076417562078106703472163419021967456501442939043
0.00000402015246261337445528652456694373995560454205
0.00000060606991099631680443917151543398169621923444
0.00018743429775223695060888673413757032903959043324
-0.00066175101369590858414043710311602808360476046801
0.00000355700187645918674869791216430758851174687152
-0.00000253288354501381960897743277072446943520844798
0.00010473443396227827978123975372071186029643286020
-0.00044420259830660259892792796065918992098886519670
0.00000299635674933392234220420023704800627228905796
-0.00000004975659054047358700667769886363811515650468
0.00003055839301380813751449552762018413432087982073
-0.00017221053288600629668954333784114396621589548886
0.00000136483530377430764395920662762629049780116475
0.00000138482618983709607233471405168812040642478678
0.00001079161819015420686125768245933187472473946400
-0.00036737853571939654276010123190587819408392533660
-0.00000115324730898904321791471807440165875391357986
-0.00000095904371513510526890266150862318639269687992
0.00000713821802906569733202348307377071989776595728
-0.00031864459525312991599113598972792260610731318593
-0.00000318985864539113055153790945994707328736694762
0.00000209858574634831082772316347695440441611935967
-0.00002176924600053786325553999148052497503158519976
-0.00056347026722145584359813241803749406244605779648
-0.00000483403477191871124197955836288009834333934123
-0.00000344594768156739854060273756108934151143330382
-0.00016578343265672584351533291879832177073694765568
-0.00032485983208314575402045343288648382440442219377
-0.00006065952070114753329243065249620769918692531064
ENDSurf
Surf_4
88471.99189999999,51125.56910000000,102.14624786377,0.96008891653,0.27969496306,-0.36397023427
88513.60159999999,51034.85750000000,101.69918441772,0.96008891653,0.27969496306,-0.36397023427
88570.35860000001,50866.26690000000,101.16729354858,0.96008891653,0.27969496306,-0.36397023427
88635.35860000001,50636.26690000000,101.02056503296,0.96008891653,0.27969496306,-0.36397023427
88708.24890000001,50406.51250000000,102.47409439087,0.96008891653,0.27969496306,-0.36397023427
88785.99390000000,50158.59550000000,104.75526428223,0.96008891653,0.27969496306,-0.36397023427
88844.70419999999,49962.74270000000,106.34864425659,0.98817251047,0.15334630593,-0.36397023427
88864.89060000000,49793.96600000000,106.75214767456,0.98817251047,0.15334630593,-0.36397023427
88880.36920000000,49554.48100000000,105.98182296753,0.98817251047,0.15334630593,-0.36397023427
88927.03350000001,49253.86760000000,103.80840682983,0.94653164305,0.32261098664,-0.36397023427
88997.26780000000,49108.53420000000,102.53255653381,0.87613089062,0.48207329577,-0.36397023427
0.00001480341115061028258977418592401420482929097489
0.00015580792111894660087988151442317530381842516363
-0.00069630438657245028594156011081395263317972421646
0.00005435026994310948437755942608262671456031966954
-0.00001349030915864914721561448190945142755481356289
0.00034328784762877392758642636216848131880396977067
-0.00078663512172171923091112955006565243820659816265
-0.00000319613718947158675662907796610756605559799937
-0.00000147501313203262861240786657512913393475173507
0.00003292059220482918474115843765481770333281019703
-0.00009721201013221713118934302899631916261569131166
-0.00000024355205879638062317204139778370475255542260
0.00000050754645814007561642483426847527461234221846
0.00001003060670085246189754245998981829757212835830
-0.00002653571884564364039417287688404911705220001750
0.00000018607803010746877093878619453815037587673942
-0.00000011580622041724994072535740927132330568838370
0.00002361582264167403618975935031265578345482936129
-0.00007410762483418261792680881150374716526130214334
0.00000055880758369670496053235658404090280271248048
0.00000140692502784283513036914844279712255570302659
0.00005093143469071638934153947730898437384894350544
-0.00014171931241544998545701938841290257187210954726
0.00000201629590607208657464157613992128403879178222
-0.00000289924852753237849927554423135056538285425631
0.00004000501224791533588873854165868237942049745470
-0.00011172589656656922816203164616766230210487265140
0.00000107439519075741300434289650367336577119203866
-0.00000029110224180923710205056917366128743651643163
-0.00002293244407816724753914824908029856942448532209
0.00028777386161309609401495746006105491687776520848
0.00000011957676276348153417066291250014931080158931
0.00000062152699024630571392180649475944775872449100
-0.00001298181017620643676996859683381302374982624315
0.00027458083384948600439226518155066969484323635697
0.00000141391450992723461691435386106130422945170722
0.00000233243825712392904313577900177190116437486722
0.00003934241715062586098325750350035434621531749144
-0.00000779097933937813259862650849818521692213835195
0.00000156681388515322534512772770926014587189456506
-0.00000145032693923061859454467538432798079384156154
-0.00012169933812781945988053255991445666950312443078
-0.00009341916952417973611134949241119329599314369261
0.00005584085950948854625529305106823585447273217142
ENDSurf
Surf_5
85840.36360000000,51205.38820000000,98.69631958008,0.99475114651,0.10232378273,-0.36397023427
85836.43790000000,51064.45580000000,97.87027359009,0.99475114651,0.10232378273,-0.36397023427
85832.91780000000,50849.51100000000,97.14511871338,0.99475114651,0.10232378273,-0.36397023427
85846.09020000001,50584.89330000000,98.21498489380,0.99475114651,0.10232378273,-0.36397023427
85871.01800000000,50346.22070000000,101.71752548218,0.99475114651,0.10232378273,-0.36397023427
85913.17660000001,50064.41160000000,104.90657806396,0.99475114651,0.10232378273,-0.36397023427
85966.39680000000,49708.37530000000,106.18815994263,0.99475114651,0.10232378273,-0.36397023427
85999.58470000001,49477.90980000000,106.18815994263,0.99475114651,0.10232378273,-0.36397023427
-0.00000643144963051317045403705574546648904288304038
-0.00017642493822372787900393253934794302040245383978
0.00043473355165245442964169764188397948601050302386
0.00007243362565165821032129450651737556654552463442
0.00000389193943284881495146701815834866522436641390
0.00001719066399737165281159760599205554854052024893
0.00072615715861989191346609340271811561251524835825
0.00000355202412168622435679121371321365074891218683
0.00000176726589771248754825593192674393350216632825
-0.00000241568936285517437903428220047352681376651162
0.00037509620323219702332784297738044188008643686771
0.00000061526050772130981008516993624457569467267604
0.00000070706503065528190836393001780790790178343741
-0.00000706692405398293933615561437933116906151553849
0.00010985393290358795093716176571874143519380595535
-0.00000049659105900633369402500218517393371087109699
0.00000058106970484430088167782449404263900305522839
0.00000940067678019316808131662643877035634432104416
-0.00006502390541180900747440102316332399823295418173
0.00000085238955712442893402746441067208138520072680
-0.00000017205182455724509020986395628483034414557551
0.00002058942554728815149591575339727000937273260206
-0.00013384196139118925477848320859663999726762995124
0.00000104525609726943615849657689270690852367806656
0.00000040327799503723781974508493658460039910096384
0.00002188813783815975460168151700557359617960173637
-0.00014726024204608239198850683226993396601756103337
0.00000019141911758888743010075265873343175471177346
-0.00000074711643786083495366904475704084021003836824
-0.00017840528256494675245734382595941269755712710321
-0.00010453452464327335003687474701550286226847674698
0.00006985065272689854954431959432881171778717543930
ENDSurf
Surf_6
85692.39380000001,51178.87100000000,98.92752838135,0.99761973284,0.06895555560,-0.36397023427
85705.55650000001,51061.73800000000,98.28014373779,0.99761973284,0.06895555560,-0.36397023427
85709.35129999999,50853.87880000000,97.72734451294,0.99761973284,0.06895555560,-0.36397023427
85704.75280000000,50621.19070000000,98.60593795776,0.97048964089,0.24114281438,-0.36397023427
85720.68700000001,50403.55760000000,101.04922294617,0.97048964089,0.24114281438,-0.36397023427
85743.44070000001,50212.40100000000,103.54704666138,0.97048964089,0.24114281438,-0.36397023427
85834.56540000001,49961.15990000000,105.75714492798,0.97048964089,0.24114281438,-0.36397023427
85885.45290000000,49828.45530000000,105.98870086670,0.97048964089,0.24114281438,-0.36397023427
85937.89370000000,49666.97670000000,106.12625885010,0.97048964089,0.24114281438,-0.36397023427
85995.55480000000,49463.75420000000,106.13428306580,0.97048964089,0.24114281438,-0.36397023427
86082.03330000000,49176.76410000000,105.51641845703,0.97048964089,0.24114281438,-0.36397023427
0.00000320925800944461178575910047239272415708910557
-0.00014211733345475719586005480810086964993388392031
-0.00019621139424257441358917519735882706299889832735
0.00005831743050059680431428804636695417684677522629
-0.00000438109347750797944667658714856806057014182443
0.00002203912648131320595407470208648703646758804098
-0.00006935703635378987202009942736324887846421916038
-0.00000104482624947942378966687666103085874169664748
-0.00000209405017612565531653565087388813026336720213
0.00002951615597567772340229126648569746294015203603
0.00043545682565156618604867988508999587793368846178
-0.00000184112066162439851672264368859233130137909029
-0.00000040164989379758669316199462540062370408122661
-0.00004515322062422156879123516515228686785121681169
0.00083633782854267352865201834433150906988885253668
-0.00000546159826759454693407593028897650810904451646
0.00000015460538585594539551002044204530694315735673
-0.00006979856428046721272036995165066741719783749431
0.00073060919408899467012569184376502562372479587793
-0.00000874242756513650134616872505732843023906752933
0.00000490669199016434802733573061761518374623847194
0.00001346847019064897245789295954221387319194036536
0.00015330898209721637980712527493665220390539616346
-0.00000124701343955060828988838043246412112807774974
0.00000461014748522692976903094783103220777320530033
0.00021966417400195290443760953724705586864729411900
-0.00057711559946274041277974875541190158401150256395
0.00000216034020739122222125902332556801610508045997
-0.00000359285003071113555461334361507130807922294480
0.00022006023282480273537548010054365477117244154215
-0.00059516857743167330893618860443439189111813902855
0.00000045961753957170097214423231876678777041433932
-0.00000169470410541160932416126540245304710197160603
0.00008663069418553601521229556858827436371939256787
-0.00027082075752013858895017595074250493780709803104
-0.00000005826828234841073710962729126881798347170616
-0.00000018235513937087660064694872100177214235827705
0.00004519137690968075428800745929613924545265035704
-0.00015458542152971895163038329457094732788391411304
-0.00000015041771328243324499964860690992551894851204
-0.00000057585415628854029063403863891723588608329010
-0.00013078394916894164347852258512006073942757211626
-0.00012833033710767921390695500694079100867384113371
0.00005915870330621660142921686142969406319025438279
ENDSurf
ENDSurfList
