SurfList
Surf
1270.86719999999,1607.52340000000,-337.88110000000,0.00000000000,0.00000000000,1.00000000000
1281.07030000001,1607.77340000000,-337.83890000000,0.00000000000,0.00000000000,1.00000000000
1291.20310000000,1608.01950000000,-340.01820000000,0.00000000000,0.00000000000,1.00000000000
1305.83590000001,1608.37500000000,-343.28910000000,0.00000000000,0.00000000000,1.00000000000
1322.78909999999,1608.78130000000,-344.32760000000,0.00000000000,0.00000000000,1.00000000000
1339.65630000000,1609.21880000000,-347.58410000000,0.00000000000,0.00000000000,1.00000000000
1359.96090000001,1609.73830000000,-348.60340000000,0.00000000000,0.00000000000,1.00000000000
1377.93750000000,1610.16410000000,-352.96540000000,0.00000000000,0.00000000000,1.00000000000
1395.96880000000,1610.59770000000,-353.99370000000,0.00000000000,0.00000000000,1.00000000000
1408.28909999999,1610.89840000000,-358.37840000000,0.00000000000,0.00000000000,1.00000000000
1417.30469999999,1611.12110000000,-358.33590000000,0.00000000000,0.00000000000,1.00000000000
1430.78909999999,1611.44530000000,-360.49320000000,0.00000000000,0.00000000000,1.00000000000
1449.85940000000,1611.90630000000,-364.84360000000,0.00000000000,0.00000000000,1.00000000000
1466.65630000000,1612.32420000000,-374.31470000000,0.00000000000,0.00000000000,1.00000000000
1264.85159999999,1607.37500000000,-353.02760000000,0.00000000000,0.00000000000,1.00000000000
1806.11719999999,1620.64840000000,-397.33080000000,0.00000000000,0.00000000000,1.00000000000
1830.01560000000,1621.26950000000,-394.67040000000,0.00000000000,0.00000000000,1.00000000000
1853.95310000000,1621.86720000000,-399.42950000000,0.00000000000,0.00000000000,1.00000000000
1881.35159999999,1622.51170000000,-404.14180000000,0.00000000000,0.00000000000,1.00000000000
1910.53130000000,1623.23050000000,-412.26220000000,0.00000000000,0.00000000000,1.00000000000
1934.56250000000,1623.82420000000,-415.32830000000,0.00000000000,0.00000000000,1.00000000000
1963.75000000000,1624.53520000000,-416.60340000000,0.00000000000,0.00000000000,1.00000000000
1998.14840000001,1625.38280000000,-419.51980000000,0.00000000000,0.00000000000,1.00000000000
2018.77340000001,1625.88670000000,-419.20940000000,0.00000000000,0.00000000000,1.00000000000
2044.60159999999,1626.52340000000,-420.54010000000,0.00000000000,0.00000000000,1.00000000000
2075.75780000001,1627.29300000000,-428.67800000000,0.00000000000,0.00000000000,1.00000000000
2106.89060000000,1628.03910000000,-433.38320000000,0.00000000000,0.00000000000,1.00000000000
2139.84380000000,1628.83200000000,-439.79540000000,0.00000000000,0.00000000000,1.00000000000
2165.89840000001,1629.49220000000,-444.59450000000,0.00000000000,0.00000000000,1.00000000000
2185.25000000000,1629.99220000000,-460.42170000000,0.00000000000,0.00000000000,1.00000000000
1238.87500000000,1842.08200000000,-445.38240000000,0.00000000000,0.00000000000,1.00000000000
1245.97659999999,1842.26950000000,-437.38450000000,0.00000000000,0.00000000000,1.00000000000
1265.37500000000,1842.76950000000,-437.01870000000,0.00000000000,0.00000000000,1.00000000000
1290.50000000000,1843.37890000000,-438.41670000000,0.00000000000,0.00000000000,1.00000000000
1310.96880000000,1843.88670000000,-438.18440000000,0.00000000000,0.00000000000,1.00000000000
1330.52340000001,1844.37890000000,-437.82030000000,0.00000000000,0.00000000000,1.00000000000
1347.22659999999,1844.79300000000,-437.06740000000,0.00000000000,0.00000000000,1.00000000000
1368.91409999999,1845.32810000000,-435.97520000000,0.00000000000,0.00000000000,1.00000000000
1389.47659999999,1845.84770000000,-436.72620000000,0.00000000000,0.00000000000,1.00000000000
1422.83590000001,1846.67190000000,-438.18480000000,0.00000000000,0.00000000000,1.00000000000
1441.80469999999,1847.14840000000,-436.69590000000,0.00000000000,0.00000000000,1.00000000000
1457.89060000000,1847.54690000000,-434.81250000000,0.00000000000,0.00000000000,1.00000000000
1476.58590000001,1847.99220000000,-436.30390000000,0.00000000000,0.00000000000,1.00000000000
1498.50000000000,1848.55470000000,-436.19380000000,0.00000000000,0.00000000000,1.00000000000
1529.58590000001,1849.32420000000,-435.27230000000,0.00000000000,0.00000000000,1.00000000000
1557.97659999999,1850.03910000000,-432.95020000000,0.00000000000,0.00000000000,1.00000000000
1590.85159999999,1850.83200000000,-435.29120000000,0.00000000000,0.00000000000,1.00000000000
1615.89840000001,1851.46480000000,-436.57820000000,0.00000000000,0.00000000000,1.00000000000
1656.37500000000,1852.44920000000,-436.84340000000,0.00000000000,0.00000000000,1.00000000000
1695.38280000001,1853.44140000000,-434.82170000000,0.00000000000,0.00000000000,1.00000000000
1719.20310000000,1854.00780000000,-432.82930000000,0.00000000000,0.00000000000,1.00000000000
1747.96880000000,1854.72270000000,-432.50110000000,0.00000000000,0.00000000000,1.00000000000
1790.39060000000,1855.75780000000,-437.07780000000,0.00000000000,0.00000000000,1.00000000000
1827.74219999999,1856.70700000000,-442.00810000000,0.00000000000,0.00000000000,1.00000000000
1868.62500000000,1857.75390000000,-445.32510000000,0.00000000000,0.00000000000,1.00000000000
1915.50780000001,1858.86330000000,-445.27340000000,0.00000000000,0.00000000000,1.00000000000
1950.39840000001,1859.74220000000,-448.82490000000,0.00000000000,0.00000000000,1.00000000000
1976.36719999999,1860.36720000000,-450.15910000000,0.00000000000,0.00000000000,1.00000000000
2014.96090000001,1861.34380000000,-452.09110000000,0.00000000000,0.00000000000,1.00000000000
2040.07810000000,1861.97270000000,-457.29440000000,0.00000000000,0.00000000000,1.00000000000
1245.55469999999,2033.59380000000,-449.48870000000,0.00000000000,0.00000000000,1.00000000000
1254.45310000000,2033.87110000000,-447.90360000000,0.00000000000,0.00000000000,1.00000000000
1268.71880000000,2034.21880000000,-450.28390000000,0.00000000000,0.00000000000,1.00000000000
1284.67969999999,2034.60160000000,-452.64790000000,0.00000000000,0.00000000000,1.00000000000
1308.20310000000,2035.17970000000,-454.08670000000,0.00000000000,0.00000000000,1.00000000000
1323.33590000001,2035.55470000000,-453.92460000000,0.00000000000,0.00000000000,1.00000000000
1351.93750000000,2036.28130000000,-454.46440000000,0.00000000000,0.00000000000,1.00000000000
1375.53909999999,2036.86330000000,-457.60010000000,0.00000000000,0.00000000000,1.00000000000
1406.75000000000,2037.60160000000,-457.26880000000,0.00000000000,0.00000000000,1.00000000000
1450.64840000001,2038.72270000000,-455.95340000000,0.00000000000,0.00000000000,1.00000000000
1474.33590000001,2039.28910000000,-456.55010000000,0.00000000000,0.00000000000,1.00000000000
1498.89060000000,2039.88670000000,-457.98740000000,0.00000000000,0.00000000000,1.00000000000
1513.92969999999,2041.24220000000,-459.51720000000,0.00000000000,0.00000000000,1.00000000000
1533.92969999999,2043.43750000000,-452.46380000000,0.00000000000,0.00000000000,1.00000000000
1557.52340000001,2045.82030000000,-453.88650000000,0.00000000000,0.00000000000,1.00000000000
1576.18750000000,2047.49610000000,-453.66600000000,0.00000000000,0.00000000000,1.00000000000
1599.25000000000,2049.37500000000,-456.83720000000,0.00000000000,0.00000000000,1.00000000000
1618.03909999999,2052.09770000000,-456.61030000000,0.00000000000,0.00000000000,1.00000000000
1637.10940000000,2049.98830000000,-457.30040000000,0.00000000000,0.00000000000,1.00000000000
1660.26560000000,2044.51950000000,-456.26920000000,0.00000000000,0.00000000000,1.00000000000
1688.39060000000,2044.61720000000,-455.97860000000,0.00000000000,0.00000000000,1.00000000000
1709.72659999999,2045.14840000000,-455.75250000000,0.00000000000,0.00000000000,1.00000000000
1727.65630000000,2045.60550000000,-455.56230000000,0.00000000000,0.00000000000,1.00000000000
1753.32810000000,2046.25000000000,-457.85010000000,0.00000000000,0.00000000000,1.00000000000
1767.86719999999,2046.61330000000,-457.69670000000,0.00000000000,0.00000000000,1.00000000000
1783.27340000001,2047.00390000000,-457.53410000000,0.00000000000,0.00000000000,1.00000000000
1796.14060000000,2047.30080000000,-459.10680000000,0.00000000000,0.00000000000,1.00000000000
1808.05469999999,2047.58200000000,-453.85620000000,0.00000000000,0.00000000000,1.00000000000
1822.63280000001,2047.93750000000,-454.55590000000,0.00000000000,0.00000000000,1.00000000000
1843.24219999999,2048.45310000000,-456.04700000000,0.00000000000,0.00000000000,1.00000000000
1893.86719999999,2049.69920000000,-452.94560000000,0.00000000000,0.00000000000,1.00000000000
1905.03909999999,2049.97660000000,-452.82690000000,0.00000000000,0.00000000000,1.00000000000
1926.54690000000,2050.51560000000,-452.59860000000,0.00000000000,0.00000000000,1.00000000000
1939.46090000001,2050.82810000000,-452.46170000000,0.00000000000,0.00000000000,1.00000000000
1954.96880000000,2051.19530000000,-453.15370000000,0.00000000000,0.00000000000,1.00000000000
1977.39060000000,2051.74610000000,-453.77300000000,0.00000000000,0.00000000000,1.00000000000
2001.54690000000,2052.35550000000,-453.51730000000,0.00000000000,0.00000000000,1.00000000000
2016.22659999999,2052.72270000000,-453.36190000000,0.00000000000,0.00000000000,1.00000000000
2031.50780000001,2051.22660000000,-457.22080000000,0.00000000000,0.00000000000,1.00000000000
500.00000000000,600.00000000000,-700.00000000000,0.00000000000,0.00000000000,1.00000000000
500.00000000000,3750.00000000000,-700.00000000000,0.00000000000,0.00000000000,1.00000000000
3150.00000000000,3750.00000000000,-700.00000000000,0.00000000000,0.00000000000,1.00000000000
3150.00000000000,600.00000000000,-700.00000000000,0.00000000000,0.00000000000,1.00000000000
-0.00324122862921530363600197688356274738907814025879
0.01252581781732406938922874672925900085829198360443
0.00026345241026869153531594913708602234692079946399
0.02358340716486084093217456825186673086136579513550
-0.00223415767704989842029617008734021510463207960129
-0.00922229910957860984921374836176255485042929649353
-0.00020322361419087777876721356840050702885491773486
0.00487512526983177423012261186840987647883594036102
0.00092068902882177800633956010756264731753617525101
-0.01656864990749085456145373029812617460265755653381
-0.00040970283993617526065861289552572088723536580801
0.00521948004774894572244114954173710430040955543518
0.00076315067534478767119487940817634807899594306946
-0.00879335778037872682622033693178309476934373378754
-0.00026395655038142856133737135237993243208620697260
0.00208465084990265558939626089340890757739543914795
-0.00042986239104757039504109417116239910683361813426
-0.00724570661644739245910162850350388907827436923981
-0.00021855124142932329895858134527486527076689526439
0.00078711719501399349859654952510368275397922843695
0.00052183852754543555863692150253996260289568454027
-0.00663388841539427290966424166640535986516624689102
-0.00024234075929033488481373348477632134745363146067
0.00117044714633216732739551257935772810014896094799
-0.00056821294814349406973597034209433331852778792381
-0.00744307868245863007983231796060863416641950607300
-0.00021777372418719042972655441925411423653713427484
0.00137110665257273649057789821625874537858180701733
0.00051393316613747286585728302199527206539642065763
-0.00774408458656270382719499778545468871016055345535
-0.00025586154947372858389081917707130742201115936041
0.00171406464921175418630872044900570472236722707748
-0.00178511391604410738637165323439148778561502695084
-0.01367463562950710538601573063033356447704136371613
-0.00034782754489711694518769280470849025732604786754
0.00421304875674758608911085744352931214962154626846
0.00201550066631264604768980497340180590981617569923
-0.01178323727558400722814635486201950698159635066986
-0.00035272870063996435542955087960592663876013830304
0.00444388570427036062870929100654393550939857959747
-0.00090337451105684243510274278321503516053780913353
-0.00545390448174207839032723299510507786180824041367
-0.00014474516436559768141345561076605008565820753574
0.00089714455660403575817940513559278770117089152336
0.00026523771617901353587348767248954573005903512239
-0.01124977098969238108183699154096757411025464534760
-0.00030702488096496295981105428829494030651403591037
0.00215158805024908859546139971996581152779981493950
-0.00073916300785714953922034275990426976932212710381
-0.01666058746787730734939536603178567020222544670105
-0.00043852290536231902347633071492793987999903038144
0.00741434861404830988784731005125649971887469291687
0.00131630095911261578260631477377273768070153892040
-0.01126091822495189215258548642850655596703290939331
-0.00061052429469508440011693561899619453470222651958
0.00645559055562145919782146563647984294220805168152
0.00357284597762743370841231893564327037893235683441
0.01188899774517901408721343159413663670420646667480
-0.00006635007265837695501504295281236522896506357938
0.02664473077629531810872620667396404314786195755005
0.00018957775581558808548898742429855701630003750324
0.00230060712989498721350867249668681324692443013191
-0.00016036523369031632519493557609280287579167634249
0.00033245985097071458543721567124862303899135440588
-0.00051837532062578987098605542982454608136322349310
-0.00163284785372641940738580590419815052882768213749
-0.00006401492653385136523055964907769066485343500972
0.00096491642796791448656590350907436004490591585636
0.00010749798269433676999994736744881151935260277241
-0.00691294824534474054017474387023867166135460138321
-0.00020704828658798420646693083657652323381626047194
0.00130978685655605054695416189503021087148226797581
-0.00007327947916557923165471050142016906647768337280
-0.00726518585583750802631142207133052579592913389206
-0.00021591622466834170805845272145262470075977034867
0.00168512658038276800197274862824770025326870381832
0.00007611300478056631812519283730722463587881065905
-0.00684063942118616659382457356741724652238190174103
-0.00021417875075353738937786185481115808215690776706
0.00154867004616846166975552279154726420529186725616
0.00016400239381179727913943888761849621005239896476
-0.00333188664339495671865010173462451348314061760902
-0.00012239829748061860532903910581126183387823402882
0.00038306833963143910098611555348213641991605982184
-0.00002011398140436354984770216114409180363509221934
-0.00196329029472196246036697075965093972627073526382
-0.00008960547221973044784183726196857833201647736132
0.00013114902289321250013903741304943650902714580297
0.00010581010772396637602960067781054931401740759611
-0.00085124330853448345202832969746964408841449767351
-0.00005854637057160969173868689252593355831777444109
0.00013359791438543724213967867076036100115743465722
-0.00011245693304259118245041343397971900230913888663
-0.00062786050061239284409558836230758060992229729891
-0.00004224378119045415710692409350102138887450564653
0.00004865325836097414489815615734613629683735780418
-0.00016692959059704770802094742077059663643012754619
-0.00479222439819642232611274224041153502184897661209
-0.00014797212558654001331344407521584116693702526391
0.00100088285976313571580542660655055442475713789463
0.00009261011889232455664491827640460996917681768537
-0.00613232979609886624805525912051962222903966903687
-0.00018307030687033265959479111373298110265750437975
0.00136785654357245590323488571016241621691733598709
-0.00001891223444941456490516612509722449431137647480
-0.00513521070189690027191220522695402905810624361038
-0.00014721619289317434183667065994427503028418868780
0.00088854447328271164187329933525916203507222235203
-0.00009006757965185201999461922506284849987423513085
-0.00613789993313159330801109803132931119762361049652
-0.00016772689521313944400679463164749449788359925151
0.00127004129860727862574854007959856971865519881248
-0.00075356661067575551622016449826446660154033452272
-0.01319302188099613463989623340921752969734370708466
-0.00033912219845684933930418658576400048332288861275
0.00854321165206585464435562471408047713339328765869
0.00101279880692849394256682682424752783845178782940
-0.00982439340660752613576534031381015665829181671143
-0.00021322170472753100762576539128900776631780900061
0.00802820546568848783519634082495031179860234260559
0.00654143216106897219808136156871114508248865604401
0.02329111252659051001234757904967409558594226837158
0.00038663137153573232020903338579387309437151998281
0.02603535713682253449618997365178074687719345092773
-0.00646466538161148771696185022506142558995634317398
0.02382733089475392446177082206304476130753755569458
0.00039807141424886573720376414797783581889234483242
0.02593193353552758831370717018671712139621376991272
-0.00016297732207485072521667424094715670435107313097
-0.00046694365094763801453045526379526108939899131656
-0.00011422232392167393981267931035716856058570556343
0.00077042641742093760388182532850009920366574078798
0.00011612746197141394425937643841706403691205196083
-0.00082379792964448728641302377440069903968833386898
-0.00012330263884533025327619459865502449247287586331
0.00008317584396415672793635709414417078733094967902
0.00002189656105041114860388501428545282578852493316
0.00075481686835044954717727216930711620079819113016
-0.00009167704729294935195923338389079049193242099136
0.00000446878478943144648061506704617151797265250934
0.00011244129055303023342286122820965488244837615639
0.00182134811401404687891680822531270678155124187469
-0.00005724921328969274512878800953430413755995687097
0.00008037746121045205181711995612303667257947381586
-0.00005424933428842201198942854500906207704247208312
0.00250153620038966835112392850248852482764050364494
-0.00005427962311070927035275973659977921670360956341
0.00013811151910500375316996624075471800097147934139
-0.00019243175209085082097426600000744656426832079887
0.00027346414583818084249530744322953523806063458323
-0.00013711866556636399588561814333331767556956037879
0.00012152840561549887684646142904654197991476394236
0.00004702503119174718780332727918747082185291219503
-0.00153287227288117166267011892699656527838669717312
-0.00020158054576209199072571454092184239925700239837
0.00009722024567978033320926611882129009245545603335
0.00025482895977057380080404991318232532648835331202
0.00139870600954680930107232317283205702551640570164
-0.00010494609864511881473607413095550100479158572853
0.00021977811587989452900109010879958759687724523246
0.00022687801415360145970527561143370576246525160968
0.00561074850267565764655453008913355006370693445206
0.00004402541380548967008424360303209255107503850013
0.00060063695799388049957612256690708818496204912663
-0.00066852874352334873148812066645518825680483132601
0.00145320400863041131363229130357694884878583252430
-0.00007702405003176597498779076822472688945708796382
0.00060939718274642510915245496860848106734920293093
0.00023609682052514268757285875732776503355125896633
-0.00199383462237801879768372970147538580931723117828
-0.00014375431912367581479585132431253668983117677271
0.00019198377725567636006322180808325583711848594248
0.00001994168330392067579512858921386708743739291094
0.00059265501992626266284519553906307010038290172815
-0.00011197738370518091192452880822116867420845665038
0.00004211747088828858391618137346767980488948523998
0.00006952816830978313241643645747913637933379504830
0.00190232284383721529132105221293613794841803610325
-0.00008123008849066411663896597472600547007459681481
0.00015999739810289165535713007404439167657983489335
-0.00016568875534018437812450175172784838650841265917
0.00035352677785822683503499930246505300601711496711
-0.00011925282286248588899287004228000341754523105919
0.00021309071674828844130712701687713206410990096629
-0.00001640696857142831768697037453375031645919079892
-0.00209086434025677544989996192725811852142214775085
-0.00015559428988985479812637291452404042502166703343
0.00014619549272962826299421257303379206859972327948
0.00007709473263710327824594498169474832138803321868
-0.00109957984424463649057723824142840385320596396923
-0.00014214667921580567341854894891639560228213667870
0.00007054960220299317890085138982314560962549876422
0.00003727805089133593623249712800671318291279021651
0.00058315701408603772947641941115648478444200009108
-0.00012486877894642820397037852320210049583693034947
0.00005474911699890408896219604062416408396529732272
0.00011136358893713392147119950470468552339298184961
0.00240009965247978216545954310845445434097200632095
-0.00005545354976489256512229078510678448310500243679
0.00019418561355057954915560858299983237884589470923
-0.00013229073625123477877564559523904108573333360255
0.00193604227650920682202162481644336367025971412659
-0.00005639850379220228912286599909364781524345744401
0.00015602875062225698217684144442074511971441097558
-0.00007290994208149280224329213950795747223310172558
-0.00104605099775059023903267529931326862424612045288
-0.00017531322547698492252815638536844744521658867598
0.00015401181295769602068099213276752834644867107272
-0.00003341140890850586046487147307004761387361213565
-0.00296023960378073323559955376538255222840234637260
-0.00024510589284742909316552883502993154252180829644
0.00039015046565360993321633364949718725256389006972
0.00004403788793074080046372614782868026850337628275
-0.00269428023694070388829868711866311059566214680672
-0.00022527443092928590572150693294162238089484162629
0.00033495567473449490078496459943835361627861857414
0.00004859533771872958019715296740237420181074412540
-0.00096479935664704557195248124656927757314406335354
-0.00016801757351685590109909018696754401389625854790
0.00010306310346780019038780140672173502025543712080
-0.00008248738653213534457574879210639551274653058499
-0.00142023197872090931916100320364648723625577986240
-0.00014556403711021853467424969075239005178445950150
0.00016204639535847425741571514734573611349333077669
0.00000662227573491012542794857329009339252934296383
-0.00241737713979819782497693303469077363843098282814
-0.00012310399397828070914423514992108721344266086817
0.00020455152922528000054847030497739979182370007038
0.00004265639060960255775269839295660290190426167101
-0.00162719314058352689314479455617856729077175259590
-0.00010502527040942444421477153237987067768699489534
0.00009172877286239756089349789425213543836434837431
-0.00027421122087384499190279574243334081984357908368
-0.00451156099479795968248962978464078332763165235519
-0.00018345528385887535410998794294101799096097238362
0.00084520825693817631767135178932903727400116622448
0.00030851931929994530793767704146546293486608192325
-0.00386454169447414353985581492167966644046828150749
-0.00021898574970568698079727287808537994351354427636
0.00084360565850873136042875621853909251512959599495
0.00214352265668308825108390180957940174266695976257
0.00956210675176124777485675565458222990855574607849
0.00025235086375434905925710382668114561965921893716
0.00174341173812082340932594348714701482094824314117
-0.00292895345832595377713603035374489991227164864540
0.00393194809088525873419506240225018700584769248962
0.00014247988686842149078613795065706426612450741231
0.00261154345953426916815409697392169618979096412659
0.00022380290905439975874570424085874265074380673468
-0.01009026776936109391635820742294527008198201656342
-0.00026385860065507765791562033719230839778902009130
0.00161488690020635374325341793166899151401594281197
0.00045295860778200955788080905861647806887049227953
-0.00577850191144808553178613408363162307068705558777
-0.00017085235644215043663597664025388667141669429839
0.00073593951930021124681335908945811752346344292164
0.00015701839640775336315835220002412597750662826002
-0.00093810916097245087685169151470176984730642288923
-0.00005766210663429521625887586022685127318254671991
0.00007376601082349388692656344534981371907633729279
-0.00006923558168964001548369158189899508215603418648
0.00002638313451514902086047012486069718306680442765
-0.00004227314976973139325168091207096665584685979411
0.00000655979100219964274091910549913109207409434021
-0.00020845946501845706772849953214432616732665337622
-0.00306754016674446730247871606422904733335599303246
-0.00012845666029593185483020922887931192235555499792
0.00037329571957185294544048770326583053247304633260
0.00024370771705291264142174967322063139363308437169
-0.00256812175597090873446770586951970472000539302826
-0.00011863032520093578147876711703645469242474064231
0.00035144613155547316241111843737598974257707595825
0.00000551162254866583474765011005369608199089270784
0.00051413271496998083284757363742301095044240355492
-0.00006233707802104605452415270194777008327946532518
0.00000542459709692653902298907150902884666265890701
-0.00005958092961065997709589267539165291509561939165
-0.00019118857101933268852547720406676035054260864854
-0.00006963840684024343301739695677454733413469512016
0.00002329377177038216553879058923204325992628582753
-0.00005115163494430925987966479739910141688596922904
-0.00171421112399993899599870417205238481983542442322
-0.00008630542107123191284106383802665618532046210021
0.00008503244430133509782192974268966167983307968825
-0.00033960366497338810186021329506900201522512361407
-0.00446434922280622252521720128015658701770007610321
-0.00038898916070559543629522880614501900709001347423
0.00046274856361163324352733794420089452614774927497
0.00116473128374692614164787052288829727331176400185
0.00399774181021710604821972623312831274233758449554
0.00046292621346448849586896479024744621710851788521
0.00281940367388068720277960466091826674528419971466
-0.00083294419059832798622050598069677107559982687235
0.00602393947099795924043919015389292326290160417557
0.00062690621615778578060856895959318535460624843836
0.00265515322066363747624540003755555517273023724556
0.00013984849528867149227526200938598321954486891627
-0.00093341567247596699506695383519172537489794194698
-0.00013229220163523788453795171360383164937957189977
0.00010537136273682060636294743893870418105507269502
-0.00028202495212467740834730300925059509609127417207
-0.00255413182658305142058718928410598891787230968475
-0.00024294736418508064185357853137503525431384332478
0.00039575734249791766697357253690370271215215325356
0.00028256277818124338457178579275819174654316157103
-0.00255372774186960046702288273934300377732142806053
-0.00023959104557658416354351538224420892220223322511
0.00039775289684434376709723513165783970180200412869
-0.00013094734003407949829954348697214072672068141401
-0.00061936446826032511524251500389937064028345048428
0.00019668216279316165333301835715928973513655364513
0.00003585755768963593253378929759378479502629488707
0.00017394055961981663769970463118141879022005014122
-0.00004334654501039803301768588150721939200593624264
-0.00009298169566569565902720839734030278123100288212
0.00006631562247357696037505098152209370709897484630
-0.00006232972221997661879059476897069203005230519921
0.00105508449705213986843932438830506725935265421867
-0.00033226002568523813670425814947861908876802772284
0.00004828796935835339993597914443057561584282666445
0.00001078401131727556255628357878562084692930511665
0.00043213010202315812156859120563012766069732606411
-0.00005048503790375515553300045379359062280855141580
0.00000634499877091875610766362816872465657525026472
0.00001022681411150039838364560196293240323939244263
0.00054443478291230854981125331093494423839729279280
-0.00002951211516529741164219409477187383572527323849
0.00000634758533443434871376470293724558757730846992
-0.00016583623774708006865484521963338693240075372159
-0.00141533832546974157849672959486042600474320352077
-0.00008759165276489778084387238799024544277926906943
0.00016957568698566680099812375992485158349154517055
0.00018391941776516688706981372813942243737983517349
-0.00135150261656141116965723636411667030188255012035
-0.00007748230641066191335970120279696971010707784444
0.00013889264375185287475611417562504357192665338516
-0.00000494913367456605829517064798483971799214486964
0.00070605771889783205778889918491358912433497607708
-0.00001411064141533332275395707516851828700055193622
-0.00002173739626670290799731466435673610249068588018
-0.00076159646048716621129226478359441898646764457226
-0.00426362437172424918463420340231095906347036361694
-0.00012483062398096684045799287243738717734231613576
0.00075998586453798321754815603412680502515286207199
0.00309372159521683872188124730939762230264022946358
0.00954228807641878049028427710709365783259272575378
0.00021260735070407536470050990917712852024124003947
0.00662821099164229675382298268004888086579740047455
-0.00259954308349079430545680580166845174971967935562
0.01250972471998713919649759418462053872644901275635
0.00026616225477986085474341182433022368059027940035
0.00630052664394079812298921083879577054176479578018
0.00005498187112794347648292783703460884225933114067
-0.00336954794717219448946243787190724106039851903915
-0.00010566850746138833200531842448910424536734353751
0.00027522393303963931529901310035768347006523981690
0.00019308718331892678701268428742565674838260747492
-0.00113562531395735243598676955656401332817040383816
-0.00006287484584769153866078139625273024648777209222
0.00016197839419355040068392026508803382967016659677
0.00006154800425625793112386491268139820931537542492
0.00107569714939787235315205027319507280481047928333
-0.00000018519469099816146445610385087854332653023448
0.00003198670170123534727468425642449290080548962578
-0.00006194718189622964077314243303007401664217468351
0.00072212150352733207349376076678026947774924337864
0.00000514976559066335652566645877947770770788338268
0.00000578555605921892083777719265058614439567463705
0.00004075447350602707483361794582599202385608805344
0.00065658450189219630128284466152877030253876000643
0.00000332712924170081342272386679126405795159371337
0.00000514399595549398288695398112624346254051488359
-0.00024820156693856009443022170302128870389424264431
-0.00102295757397803015534276660503110178979113698006
-0.00003404027708765852195836251747884659835108323023
0.00006564320637265162847358290765242827546899206936
0.00013018973632116431554325841624120130290975794196
-0.00204749380337690498748992595778872782830148935318
-0.00006088274972539257153415076517788406817999202758
0.00007862486652426255238478719489236823392275255173
0.00007313530085968030544207180154714365016843657941
-0.00039560807543245822374966547130270555499009788036
-0.00002029160170740123292636332419380806868502986617
0.00001871165534698736803527127636748161876312224194
0.00003088257833264221308405134136521041909873019904
0.00057812128070081482238140591078945362824015319347
0.00001438677501160880083737499124385550430815783329
0.00001674620333504343223950984465009383939104736783
-0.00102139446416454676355711761459588160505518317223
-0.00707227832225854405323595130994362989440560340881
0.00073695475256505839876941532651244415319524705410
0.00186234718698670702503872309563348608207888901234
0.00097240803571463406765329473557812889339402318001
-0.00744073211103409102445960243699119018856436014175
0.00073480673372964871916529494555447854509111493826
0.00188159924446189914977456414391099315253086388111
0.00000012806558191762768289234653267677499499654914
0.00003321804016473662121049573170417090750561328605
0.00007169953637490800938802254504977895521733444184
-0.00001658277508328460074374724464441044347040588036
0.00000003903399853470481772805308461754547622035716
0.00001515529819047420290124752323412948840086755808
-0.00002672279126234400976804689298305106603947933763
-0.00003491304896197287258204078330692254894529469311
0.00000002675732822183047563621772807658516502016255
-0.00001084527919593680337663737373032901700753427576
-0.00001951831729763456270074217790977399999974295497
-0.00003956509355220001533182463959725794211408356205
0.00000005536034544962829730485403233186669780252487
-0.00001698875678111663189181861077781121593943680637
0.00003931734353578465458430371559650495782989310101
-0.00004228272294209404656099154928838856903894338757
ENDSurf
Surf
1466.65630000000,1612.32420000000,-366.31470000000,0.00000000000,0.00000000000,1.00000000000
1459.81250000000,1612.14840000000,-377.02260000000,0.00000000000,0.00000000000,1.00000000000
1439.48440000000,1611.65230000000,-380.47070000000,0.00000000000,0.00000000000,1.00000000000
1429.29690000000,1611.41020000000,-382.75430000000,0.00000000000,0.00000000000,1.00000000000
1413.48440000000,1611.02730000000,-382.83960000000,0.00000000000,0.00000000000,1.00000000000
1399.95310000000,1610.69530000000,-381.79710000000,0.00000000000,0.00000000000,1.00000000000
1389.77340000001,1610.44920000000,-381.85170000000,0.00000000000,0.00000000000,1.00000000000
1370.56250000000,1609.98830000000,-380.83830000000,0.00000000000,0.00000000000,1.00000000000
1349.11719999999,1609.46090000000,-377.60300000000,0.00000000000,0.00000000000,1.00000000000
1331.04690000000,1608.99610000000,-375.46550000000,0.00000000000,0.00000000000,1.00000000000
1292.86719999999,1608.06250000000,-361.15280000000,0.00000000000,0.00000000000,1.00000000000
1272.59380000000,1607.56640000000,-355.67520000000,0.00000000000,0.00000000000,1.00000000000
1264.85159999999,1607.37500000000,-345.02760000000,0.00000000000,0.00000000000,1.00000000000
2185.25000000000,1629.99220000000,-452.42170000000,0.00000000000,0.00000000000,1.00000000000
2169.79690000000,1629.59380000000,-461.84010000000,0.00000000000,0.00000000000,1.00000000000
2136.91409999999,1628.75780000000,-462.31420000000,0.00000000000,0.00000000000,1.00000000000
2105.67969999999,1628.00780000000,-467.57680000000,0.00000000000,0.00000000000,1.00000000000
2076.21880000000,1627.30470000000,-472.82110000000,0.00000000000,0.00000000000,1.00000000000
2048.61719999999,1626.62110000000,-473.22380000000,0.00000000000,0.00000000000,1.00000000000
2007.24219999999,1625.60550000000,-473.82830000000,0.00000000000,0.00000000000,1.00000000000
1979.68750000000,1624.92970000000,-475.73070000000,0.00000000000,0.00000000000,1.00000000000
1943.54690000000,1624.04300000000,-475.75860000000,0.00000000000,0.00000000000,1.00000000000
1917.71090000001,1623.41410000000,-466.96510000000,0.00000000000,0.00000000000,1.00000000000
1898.78909999999,1622.93360000000,-466.79740000000,0.00000000000,0.00000000000,1.00000000000
1878.13280000001,1622.43750000000,-458.49970000000,0.00000000000,0.00000000000,1.00000000000
1859.22659999999,1621.99610000000,-450.19090000000,0.00000000000,0.00000000000,1.00000000000
1842.05469999999,1621.58200000000,-428.44070000000,0.00000000000,0.00000000000,1.00000000000
1806.11719999999,1620.64840000000,-389.33080000000,0.00000000000,0.00000000000,1.00000000000
2040.07810000000,1861.97270000000,-449.29440000000,0.00000000000,0.00000000000,1.00000000000
2030.29690000000,1861.73050000000,-459.35550000000,0.00000000000,0.00000000000,1.00000000000
2004.14060000000,1861.07030000000,-463.23400000000,0.00000000000,0.00000000000,1.00000000000
1980.55469999999,1860.47270000000,-465.33890000000,0.00000000000,0.00000000000,1.00000000000
1965.21880000000,1860.10160000000,-468.51380000000,0.00000000000,0.00000000000,1.00000000000
1942.40630000000,1859.54690000000,-467.56690000000,0.00000000000,0.00000000000,1.00000000000
1918.60940000000,1858.94140000000,-466.49150000000,0.00000000000,0.00000000000,1.00000000000
1891.85159999999,1858.30080000000,-465.00980000000,0.00000000000,0.00000000000,1.00000000000
1860.74219999999,1857.56250000000,-465.00990000000,0.00000000000,0.00000000000,1.00000000000
1815.98440000000,1856.39450000000,-461.13620000000,0.00000000000,0.00000000000,1.00000000000
1784.10940000000,1855.60160000000,-461.01450000000,0.00000000000,0.00000000000,1.00000000000
1763.88280000001,1855.10940000000,-459.34830000000,0.00000000000,0.00000000000,1.00000000000
1718.05469999999,1853.98050000000,-458.36820000000,0.00000000000,0.00000000000,1.00000000000
1678.57810000000,1853.01560000000,-457.18800000000,0.00000000000,0.00000000000,1.00000000000
1654.12500000000,1852.39450000000,-458.00330000000,0.00000000000,0.00000000000,1.00000000000
1618.87500000000,1851.53910000000,-457.35610000000,0.00000000000,0.00000000000,1.00000000000
1589.96090000001,1850.80860000000,-455.51890000000,0.00000000000,0.00000000000,1.00000000000
1553.96880000000,1849.93750000000,-454.74690000000,0.00000000000,0.00000000000,1.00000000000
1509.17969999999,1848.81640000000,-453.79180000000,0.00000000000,0.00000000000,1.00000000000
1473.99219999999,1847.92970000000,-457.11580000000,0.00000000000,0.00000000000,1.00000000000
1446.37500000000,1847.26170000000,-456.40770000000,0.00000000000,0.00000000000,1.00000000000
1414.21880000000,1846.45700000000,-453.08140000000,0.00000000000,0.00000000000,1.00000000000
1378.92969999999,1845.58200000000,-452.32520000000,0.00000000000,0.00000000000,1.00000000000
1353.62500000000,1844.94920000000,-450.90760000000,0.00000000000,0.00000000000,1.00000000000
1329.14060000000,1844.34770000000,-451.58560000000,0.00000000000,0.00000000000,1.00000000000
1307.90630000000,1843.80860000000,-449.71270000000,0.00000000000,0.00000000000,1.00000000000
1278.07810000000,1843.08590000000,-446.67440000000,0.00000000000,0.00000000000,1.00000000000
1238.87500000000,1842.08200000000,-437.38240000000,0.00000000000,0.00000000000,1.00000000000
2031.50780000001,2051.22660000000,-449.22080000000,0.00000000000,0.00000000000,1.00000000000
2024.10940000000,2052.54300000000,-469.57480000000,0.00000000000,0.00000000000,1.00000000000
2001.03909999999,2052.33980000000,-471.53340000000,0.00000000000,0.00000000000,1.00000000000
1968.27340000001,2051.51560000000,-473.58380000000,0.00000000000,0.00000000000,1.00000000000
1923.51560000000,2050.44140000000,-475.75530000000,0.00000000000,0.00000000000,1.00000000000
1895.97659999999,2049.75390000000,-476.03550000000,0.00000000000,0.00000000000,1.00000000000
1875.32810000000,2049.23830000000,-475.38950000000,0.00000000000,0.00000000000,1.00000000000
1845.26560000000,2048.50000000000,-475.69600000000,0.00000000000,0.00000000000,1.00000000000
1819.52340000001,2047.86330000000,-475.95840000000,0.00000000000,0.00000000000,1.00000000000
1792.09380000000,2047.20700000000,-475.38390000000,0.00000000000,0.00000000000,1.00000000000
1762.97659999999,2046.48830000000,-475.68110000000,0.00000000000,0.00000000000,1.00000000000
1732.20310000000,2045.71880000000,-476.84910000000,0.00000000000,0.00000000000,1.00000000000
1704.86719999999,2045.02730000000,-477.98080000000,0.00000000000,0.00000000000,1.00000000000
1687.76560000000,2044.60160000000,-475.59550000000,0.00000000000,0.00000000000,1.00000000000
1668.14840000001,2044.10550000000,-475.79600000000,0.00000000000,0.00000000000,1.00000000000
1639.04690000000,2049.63280000000,-477.07170000000,0.00000000000,0.00000000000,1.00000000000
1621.63280000001,2052.66020000000,-472.99370000000,0.00000000000,0.00000000000,1.00000000000
1590.00000000000,2048.64840000000,-473.27620000000,0.00000000000,0.00000000000,1.00000000000
1555.14840000001,2045.60550000000,-473.60570000000,0.00000000000,0.00000000000,1.00000000000
1522.36719999999,2042.16800000000,-473.05550000000,0.00000000000,0.00000000000,1.00000000000
1492.22659999999,2039.71880000000,-475.04510000000,0.00000000000,0.00000000000,1.00000000000
1458.36719999999,2038.91410000000,-476.24280000000,0.00000000000,0.00000000000,1.00000000000
1429.63280000001,2038.17970000000,-476.53730000000,0.00000000000,0.00000000000,1.00000000000
1400.08590000001,2037.43750000000,-476.84020000000,0.00000000000,0.00000000000,1.00000000000
1379.81250000000,2036.96480000000,-474.50480000000,0.00000000000,0.00000000000,1.00000000000
1358.72659999999,2036.46090000000,-472.17990000000,0.00000000000,0.00000000000,1.00000000000
1338.51560000000,2035.93360000000,-470.69480000000,0.00000000000,0.00000000000,1.00000000000
1316.64060000000,2035.39060000000,-469.22890000000,0.00000000000,0.00000000000,1.00000000000
1298.14060000000,2034.92970000000,-466.88290000000,0.00000000000,0.00000000000,1.00000000000
1281.32810000000,2034.51950000000,-465.36720000000,0.00000000000,0.00000000000,1.00000000000
1272.08590000001,2034.30080000000,-462.92720000000,0.00000000000,0.00000000000,1.00000000000
1256.96880000000,2033.93360000000,-462.24130000000,0.00000000000,0.00000000000,1.00000000000
1245.55469999999,2033.59380000000,-441.48870000000,0.00000000000,0.00000000000,1.00000000000
500.00000000000,600.00000000000,0.00000000000,0.00000000000,0.00000000000,1.00000000000
500.00000000000,3750.00000000000,0.00000000000,0.00000000000,0.00000000000,1.00000000000
3150.00000000000,3750.00000000000,0.00000000000,0.00000000000,0.00000000000,1.00000000000
3150.00000000000,600.00000000000,0.00000000000,0.00000000000,0.00000000000,1.00000000000
-0.00523217147508643880965406580685339577030390501022
0.01802653494451250323904467620650393655523657798767
0.00027584559537700869321502628039866067410912364721
0.02772486561844415137167985108135326299816370010376
0.00480923209735612585541408847689126559998840093613
0.02193525673527651695393636543940374394878745079041
0.00034567076137689785103254691556173838762333616614
0.02851126773941381822852214611430099466815590858459
-0.00158495274825698516732441767373984475852921605110
0.01422464941193265532126677186397500918246805667877
0.00031876252230754351059058282480407342518446967006
0.00386479861499206120076244097560902446275576949120
0.00198180943145686173229025328623720270115882158279
0.01041479654887588444933665954295065603218972682953
0.00016910502955156588044717536067906848984421230853
0.00211777476253357599747517703292487567523494362831
0.00043763334329028762441013422623825590562773868442
-0.00264646212279935144975895333629978267708793282509
-0.00012210829124067101511541544311967300018295645714
0.00025075484701513620295135198468017279083142057061
-0.00046856096321540302703997915578781885415082797408
-0.00255234158110577988645695235447874438250437378883
-0.00008150206486940060222542991930083644547266885638
0.00027836619630800543906748445444065964693436399102
0.00019329215238038236542722492217194485419895499945
-0.00110060272666217986818615326427561740274541079998
-0.00008164189572243056678291922567680671818379778415
0.00007052826126500061397830987353074760903837159276
0.00017377737406033737861850430039822867911425419152
-0.00476055460877443294837041420919376832898706197739
-0.00019813013593624907563751913475158517030649818480
0.00059205041318049133822198903942535253008827567101
0.00003705270217673616608934292204757809940929291770
-0.00659418617709596737580524106192569888662546873093
-0.00022109431721815860907506823274104590382194146514
0.00092891208357760355045912303850741409405600279570
-0.00014479891176644090356601113356305177148897200823
-0.00723987552561541035378578357040169066749513149261
-0.00031475905759785081840934628516492921335157006979
0.00183961471919823053335074636294166339212097227573
0.00038992127346869435424933647560408189747249707580
-0.00997216523550354880245372157787642208859324455261
-0.00030628541805308574612343175402884298819117248058
0.00358169045250449199699338542757232062285766005516
0.00406933589945168705526157282292842864990234375000
-0.02405477310248736039222094973411003593355417251587
-0.00076747661592863492679983394850751210469752550125
0.02645328722503540244681552451311290496960282325745
-0.00467362274413170731418576409055276599247008562088
-0.01816833314097880680559882193847442977130413055420
-0.00069192849412007988770673128087196346314158290625
0.02472840630443297327278884267798275686800479888916
-0.00158807567872663694952262147808141889981925487518
0.01229796227940283155632972267312652547843754291534
0.00027011088032471953449681345560406953154597431421
0.00755206328875557969526610690991219598799943923950
0.00157383311111856374550632686748485866701230406761
0.01252921367170449842842749887950049014762043952942
0.00033249824890527711340748595603145076893270015717
0.00734000005559018713768848485301532491575926542282
-0.00015104467080868632104968807272626918347668834031
0.00280903407543017617775671368463008548133075237274
0.00009171014216440985696021659379084667307324707508
0.00056774229787502855735376039447714902053121477365
-0.00002972829784825919321035285480814280845152097754
0.00546660376607409435184559143294791283551603555679
0.00015825201961416622315100000140120073410798795521
0.00093523623776194857257909598402534356864634901285
0.00017668134301704799108724552869631452267640270293
0.00314892735100684570057061328895997576182708144188
0.00010234580931976361439523365293169376855075825006
0.00046672529102289564331002003072512707149144262075
0.00001088800965153928062287627676063550552498782054
0.00043913264206508323926614334453688570647500455379
0.00003861923923030465119390214345784784200077410787
0.00001098705611218082316539543935585143685784714762
-0.00008145740439183639922983426462366196574294008315
0.00141778694490874747347053386192783364094793796539
0.00005320946144359900751392641882198120129032758996
0.00012065517193647416185810911093412300942873116583
0.00008974862266645067634170812587157683992700185627
0.00125300775874976006232786041039162228116765618324
0.00003764744685323392019539803787786524935654597357
0.00008380839837307902599316394853801170938822906464
0.00043290617337280807219376810301980640360852703452
-0.00560343913278970283398106033700969419442117214203
-0.00014100535718615086469215902376106441806768998504
0.00175671968610131823927689165287802097736857831478
-0.00040640313973485325078557894862285593262640759349
-0.00579805552686540968260198170014518836978822946548
-0.00014088120598701692155405029716064291278598830104
0.00211566413275533641083492319978631712729111313820
0.00072582474519741898514452183022171993798110634089
-0.00803252372163895146661705126689412281848490238190
-0.00021043906730662461116929118354335059848381206393
0.00297809523812464374895037089174820721382275223732
0.00019251950590672411035148003932704341423232108355
-0.01664663095600786915650992625614890130236744880676
-0.00040827319704159843651719574708636173454578965902
0.00712407337371133170950132651455533050466328859329
0.00007737903669927307498919988315577711546211503446
-0.01770738738108909235413612748288869624957442283630
-0.00048271640479651066035077233706829247239511460066
0.01498295129719918322708238633822475094348192214966
-0.00076231074785248684449329159562580571218859404325
-0.01350653472799949461613522316838498227298259735107
-0.00039806155288983358911045207229051356989657506347
0.01617949675160238257043410214919276768341660499573
-0.00026286099349749506102341678470679653401020914316
-0.00461540980333410497116197745981480693444609642029
-0.00042383312356461419435557647084067411924479529262
0.00516874995144855475109890718954375188332051038742
-0.00364205229414073109253657811734683491522446274757
0.01781265719925381393884400438309967285022139549255
0.00053073636026049490679173947782487630320247262716
0.01835928059498032755003649185709946323186159133911
0.00342730100747675077432763401930060354061424732208
0.02060692531861048684693749066809687064960598945618
0.00052516484189952530262784913261953079199884086847
0.01859188280120420769248035242071637185290455818176
0.00005622924881127050971254058286952215439669089392
0.00461732776298411431992185782746673794463276863098
0.00013424256547207874144464478938232332438929006457
0.00080623345295565795702585898396819175104610621929
-0.00066802905742849023711105171940971558797173202038
0.00819310191973764145867420438662520609796047210693
0.00020518485089538707438587550324626818110118620098
0.00152830128394575767009078148817025066819041967392
0.00090499977952241078636014259828357353399042040110
0.00543702401094193349395666814416472334414720535278
0.00013881470709742717642432019431453227298334240913
0.00124855449743791640550283350563631756813265383244
-0.00000035904350155789381561206950049802699709289300
-0.00185110451403098868160268519744704462937079370022
-0.00005044931269350274129822236934828083576576318592
0.00009636816280865256921853156946156104822875931859
-0.00000296896939860658446306749223830845352267715498
-0.00197385726902679983774113736672006780281662940979
-0.00006447902636258551255319521056108555967512074858
0.00010971164607900215400958926492691603016282897443
-0.00007714226476171903311342820108720275129599031061
-0.00102743214589246238850617221061156669748015701771
-0.00006767776838074806254608173361475564888678491116
0.00009437167272057458045249334066539859122713096440
0.00004250833568741219380170484609671177622658433393
-0.00095252292178291868372103090578661976906005293131
-0.00010040332245202568655501051964051839604508131742
0.00010087829193132714011502115702967330435058102012
-0.00003843613921285996530173220686599222517543239519
-0.00100778479574880112067114534823986105038784444332
-0.00016194681289663815661715451366120532838976942003
0.00016158683090539545336092319693932495283661410213
0.00019548797640688415867479821308450027572689577937
-0.00207038917726965138524364284933199087390676140785
-0.00014577734081649726762854035744254588280455209315
0.00018609741647092616317719915297601573911379091442
-0.00018862814227438520916189934606421729768044315279
-0.00224068471942175020256149409192403254564851522446
-0.00020967306118322144949973895311501337346271611750
0.00023583822960638405031273678869041532379924319685
0.00000886987331282970873995961935687404320560744964
-0.00060372735766370288264942578493332803191151469946
-0.00020543461970496773279573621273641492734896019101
0.00006863354320439104616982661788426867133239284158
-0.00007494052089275985816928943306081123409967403859
0.00030546278294504180432847317838707112969132140279
-0.00013380303761586798691821109663635525066638365388
0.00008104043748822466663919023011075637441535945982
0.00007000907882620073443159097736909757259127218276
0.00042318687575029946415852699637127898313337936997
-0.00010474885193043844712739581792604326437867712229
0.00004412935873050088161212434201274845690932124853
0.00006041429700312207572805364708123931904992787167
-0.00134796400298484164714807320706313475966453552246
-0.00015700275094910923711320760443044264320633374155
0.00009242836654798955550900452227125470017199404538
-0.00005896770994847925004408648042009133405372267589
-0.00138392204249317357991899690716763871023431420326
-0.00017136984682327005406234088358274902930133976042
0.00011544471798705795183900141287480778373719658703
-0.00000582466789313378017605695932679132909015606856
-0.00053033264734836220184038824143613055639434605837
-0.00019866478118947669337379657861220039194449782372
0.00005503842065648576338228806226204881113517330959
-0.00008538537819910217263174451174378987161617260426
0.00108864882438783230726719875036678786273114383221
-0.00019455389192965662995687958769508441037032753229
0.00021175614492605619211540446400476866983808577061
0.00010866285805690869918898461277123601576022338122
0.00086407869726670423048825453449239830661099404097
-0.00015467148023625120747612249338942547183251008391
0.00014607937700824089174642117505698024615412577987
0.00006466267143977934435915277955331248449510894716
-0.00203899940429090771598641396167295170016586780548
-0.00023219593516594198043083430160749003334785811603
0.00019213511876523160651700217194104425288969650865
-0.00008113725885511390413604854154883128103392664343
-0.00187488156600222762547536259347680243081413209438
-0.00026439118537047813289539432979324828920653089881
0.00023568747287616874570327640814326741747208870947
0.00006960583215405510436237651594737485538644250482
-0.00139859906386540942466178982783731044037267565727
-0.00021811504459138582193503119732724826462799683213
0.00009500971749307609919791423047641387711337301880
-0.00013300553133765443498612301986838701850501820445
-0.00053206017639991518095726741321982444787863641977
-0.00016302864240099954051821384837239747866988182068
0.00013518531517895662416584023901577893411740660667
0.00023902755994093113304371778227164213603828102350
-0.00148379281762267773228658462869589129695668816566
-0.00016065592224297903234386808435374405235052108765
0.00019360179702032550294946156022035665955627337098
-0.00008039063500578461649373473996149641607189550996
-0.00372449001547713390292138058157433988526463508606
-0.00022431352250400736492164099900037399493157863617
0.00038855321875356905623674630412267561041517183185
0.00002958040753241171174530224630139230157510610297
-0.00445586083758936490895052884297911077737808227539
-0.00026416037968374900517937176047666980593930929899
0.00085373777125857255258095657168837533390615135431
-0.00013887688379021136011841341950656669723684899509
-0.00284133082082016225761167405039486766327172517776
-0.00055265337083003395271529889498651755275204777718
0.00092198412564896046160478615405509117408655583858
-0.00201971982632941776669710520764056127518415451050
0.00815223844451118048737292554051236947998404502869
-0.00129737605779889722014408537376084495917893946171
0.02014756917696114077442892664748796960338950157166
0.00179020764158584525481410221203759647323749959469
0.00993967956468722046992070318083278834819793701172
-0.00123425533091206735339384614746904844650998711586
0.01949023005531344901464230190413218224421143531799
0.00017496058187611282291537562194605470722308382392
0.00302396633207896925119029241102452942868694663048
-0.00007744701116022510711811577266416861675679683685
0.00216455195176351936070524573096918174996972084045
0.00003148832960132701299206872680436219980038003996
0.00149060373850432720255199114944844041019678115845
0.00005158647491150032031795302778220957407029345632
0.00003263742376184658271470045987072694515518378466
0.00001011777123789130787535027466983450494808494113
0.00072268405944145416765905798328617493098136037588
0.00003285978800229163125775841414188960243336623535
-0.00005906024281366237905577590283634492607234278694
0.00008659117362868906122002482517174826170958112925
-0.00057188015639463712913581616703595500439405441284
-0.00001548229738099337758801266051733591666561551392
-0.00001593947752655945046583799151740379329567076638
-0.00008439359939781378920457821646294860329362563789
-0.00058652207000957855796696716055294018588028848171
-0.00002513995189363350075614778056376508175162598491
0.00002326036337017876884174748253197861913577071391
-0.00000380652318513047444826168617948436434517134330
0.00036784240336755648489650005750206673837965354323
-0.00001237191708366298317377154208918099698166770395
-0.00001449327602497929127773734075956824085551488679
0.00004356794761139476656339533655604157047491753474
-0.00018307370903132433532026213107712919736513867974
-0.00003398359436178696344962868458594584808452054858
-0.00001362553392261404663259385938722800801770063117
-0.00003935478103691776775472851990222977747180266306
-0.00020550212185760735020441380971334410787676461041
-0.00004174755130110510085300612459491276240441948175
0.00000845018487236339510570472255412965978393913247
-0.00002736718331919711012681188655459862957286532037
0.00079074174142420769733491381359158367558848112822
-0.00002472283012207074129307736443106335855190991424
0.00002362222683506018063763834402557506564335199073
-0.00001466410418511264538961660908178430418047355488
0.00137100274211800860976739890872977412072941660881
-0.00001132067983132952978825996881440119068429339677
0.00004882962157638330986898431151921329274046001956
0.00051860381718134241843531917481868731556460261345
-0.00320461445037508330796471867074615147430449724197
-0.00011841198941002213478046467542981190490536391735
0.00052373818019450248638368972109446985996328294277
-0.00048910620981906620385881723223064909689128398895
-0.00369477506324903184897756602822482818737626075745
-0.00011822043284389258089271679263987380181788466871
0.00059466681073244286471340958044606850307900458574
-0.00002146006243352668269659851152386664807636407204
0.00096085224035320478206539940302377544867340475321
-0.00024466964082395145077195031113603818084811791778
0.00004147552315413676989660357596889639353321399540
0.00073253861695549290448253865193350975459907203913
-0.00524794103560031685584696958812855882570147514343
0.00087028824878393744746835070102974896144587546587
0.00134647270805311790667357918493962642969563603401
-0.00069206100089496704313302144484509881294798105955
-0.00580351503994216283421891944271919783204793930054
0.00110756910706147761007389629384078943985514342785
0.00144832354264297336575439967276679453789256513119
0.00000159774246026647935976739908769950204714405118
0.00027537548047535162889024040744345711573259904981
-0.00002578374139177050611369118593430016517231706530
0.00000749864436268629856431828031859687655469315359
0.00002375447142073518842688567564991330982593353838
-0.00011242474988217310033922907708259231185365933925
-0.00006890097075037801197232995020769408256455790251
-0.00000732213299322989013379840012030186358060745988
-0.00008605485077215212262949362020947319251717999578
0.00083147731168964073966004546534236396837513893843
-0.00000529228763882614296968753125893769606591376942
0.00009663341758171854712841652990107377263484522700
0.00004157196832158647375500548637461406542570330203
0.00160265433421248799407410334794121808954514563084
0.00001992105884780601035132646670078315764840226620
0.00007836473593059078350357704589868035327526740730
0.00001901193148497632860781728081356334314477862790
0.00070114412114327011923270438487065803201403468847
-0.00003556963234207151809121091878829190591204678640
0.00001041873698744877446936522857878770764727960341
0.00000129734570191388155795857509144930475031287642
0.00035252046744016257880105502664491723407991230488
-0.00004136427961684913047653300299799639105913229287
0.00000284114216924293177106452569502526017686250270
0.00028690692248067411725467867888994533132063224912
-0.00261120359561849754020945724164448620285838842392
-0.00010660991128740203372389505620532190732774324715
0.00026636028096841638402453300571437466714996844530
-0.00003078194970431605243877185018597231191961327568
-0.00534906443774044865202554888128361199051141738892
-0.00016192777826576487264394199616646119466167874634
0.00059125552547009056596205578415492709609679877758
-0.00006476261095482021027877617136425669741583988070
-0.00436552312490239274173076111651425890158861875534
-0.00014040447654209601917839334017656938158324919641
0.00041717901398893294856104474455094077711692079902
-0.00003909797462927831307151829709489732067595468834
-0.00332106104352431017595614903825662622693926095963
-0.00011594893083430952897966426107245752064045518637
0.00022481375785008081706790872278389770144713111222
0.00022243129840461190491023024673467034517670981586
-0.00486968521533125663081076339722130796872079372406
-0.00014891754789885913289743113452345824043732136488
0.00045131612100488189588676224417440607794560492039
-0.00004632516387688487556921132504150762088102055714
-0.00598208752058455601324782335836971469689160585403
-0.00016944727600567340030680851814537390964687801898
0.00076009059028635294133491306922678631963208317757
0.00247841953318104438880320472549101395998150110245
-0.01563309843538563184695000529700337210670113563538
-0.00039200615631829335231556266094798957055900245905
0.00324196746282596950233800825458274630364030599594
-0.00252375971078187344778798184563584072748199105263
-0.01441048415447686303902941062915488146245479583740
-0.00035571863799896592545773943427889207669068127871
0.00561993000714980719956237464884907240048050880432
0.00130942253088308854791499413749988889321684837341
-0.01110866653860474208281861052682870649732649326324
-0.00036229588212514956440182811725492229015799239278
0.01498947187354185590912880599034906481392681598663
-0.00157644369422478059818149009885246414341963827610
-0.00932677532695511471438898354335833573713898658752
-0.00031100278009614989657705130809972615679726004601
0.01612693199540560229365837585646659135818481445313
-0.00000016933804879741830281919773380089333514320060
-0.00005536584919833817722799318428172909989370964468
-0.00007750143167608230599166518892673138907412067056
-0.00001242722159488416050054232497856787631462793797
-0.00000004464368045957021579939316539321902954640109
-0.00000207100116549661249879823142483470377328558243
0.00004177427182078092101269115032913248342083534226
-0.00003015405757765536761110664043528117872483562678
-0.00000003332812904862359263446548209020026121152114
0.00000962833024177677548774249849383721766571397893
0.00002966562881265160476628069130544673726035398431
-0.00003412552918306092637583393223366101665305905044
-0.00000013477807878483294488062725277610631735569768
0.00005958434193576872550408146667066944246471393853
-0.00006161025509806590918018831537494861549930647016
-0.00001229851660985403502079991305828698955338040832
ENDSurf
ENDSurfList
