REGION
instruHRBFList
instruHRBF
626.73700000000,1865.70300000000,-436.10000000000,0.00000000000,0.00000000000,1.00000000000
2756.37100000000,2047.56000000000,-662.20000000000,0.00000000000,0.00000000000,1.00000000000
3032.92100000000,2741.74800000000,-756.90000000000,0.00000000000,0.00000000000,1.00000000000
1895.38900000000,2114.78500000000,-653.17800000000,0.00000000000,0.00000000000,1.00000000000
447.82990000000,1917.59610000000,-460.20550537109,0.00000000000,0.00000000000,1.00000000000
897.75050000000,2084.84050000000,-493.99084472656,0.00000000000,0.00000000000,1.00000000000
1122.59750000000,2168.76720000000,-544.61743164063,0.00000000000,0.00000000000,1.00000000000
1458.37910000000,2298.56000000000,-625.83374023438,0.00000000000,0.00000000000,1.00000000000
1746.18850000000,2413.73510000000,-668.95886230469,0.00000000000,0.00000000000,1.00000000000
2026.80510000000,2510.48320000000,-690.44799804688,0.00000000000,0.00000000000,1.00000000000
2466.27320000000,2676.18030000000,-734.79577636719,0.00000000000,0.00000000000,1.00000000000
2991.12500000000,2829.36300000000,-781.41250610352,0.00000000000,0.00000000000,1.00000000000
-0.0000048604337762729764839
0.0001428004951968328409880
-0.0001976376738832360971474
0.0000568570051523556077968
-0.0000002718541858124768383
-0.0000326209232474573764416
-0.0000886101654897567388115
-0.0000298979925838665551181
-0.0000241885814812953070356
0.0004737493508328197524583
-0.0011548653792492634320016
0.0002717821533784214350915
-0.0000004941841795371889973
-0.0000626335337228583978377
-0.0001237320991578505643364
0.0000286295561988662436643
0.0000035723090004633212150
0.0003100161165159763185240
-0.0001161216644451744264919
-0.0000568728405836583367477
-0.0000021429929950758998291
-0.0005540008547894094154823
-0.0002916105263243007469573
0.0001311589718955050274003
0.0000017966291048138817656
-0.0006615898896111942510331
-0.0002388853979737029704401
0.0001529708054160177548107
0.0000001343425769419955823
-0.0004811718906123637696029
-0.0001683464492306975806169
0.0000944562522126109085745
0.0000008982155140445401538
-0.0002915340906719394433941
-0.0001544802644912141118688
0.0000354792529617832378720
0.0000006686373518986400275
-0.0001942175604962760203029
-0.0001312986849379770384113
0.0000260751709911122709750
0.0000003038669753372771036
-0.0001383815448699863713457
-0.0001029433289491302167635
0.0000356240464094437892352
0.0000245867771685931839364
0.0004712231830835235998206
-0.0010478433737973033481466
0.0002315103799084499520619
ENDinstruHRBF
instruHRBF
2164.25600000000,736.30700000000,-436.10000000000,0.00000000000,0.00000000000,1.00000000000
1029.94200000000,1429.27100000000,-436.10000000000,0.00000000000,0.00000000000,1.00000000000
2475.89800000000,1449.97300000000,-436.10000000000,0.00000000000,0.00000000000,1.00000000000
1808.22100000000,1453.91800000000,-436.10000000000,0.00000000000,0.00000000000,1.00000000000
626.73700000000,1865.70300000000,-474.10000000000,0.00000000000,0.00000000000,1.00000000000
2756.37100000000,2047.56000000000,-696.20000000000,0.00000000000,0.00000000000,1.00000000000
3032.92100000000,2741.74800000000,-767.90000000000,0.00000000000,0.00000000000,1.00000000000
917.79600000000,1218.77600000000,-436.10000000000,0.00000000000,0.00000000000,1.00000000000
1304.39000000000,2105.35900000000,-436.10000000000,0.00000000000,0.00000000000,1.00000000000
1895.38900000000,2114.78500000000,-669.17800000000,0.00000000000,0.00000000000,1.00000000000
2463.07000000000,2946.60000000000,-436.10000000000,0.00000000000,0.00000000000,1.00000000000
1792.93700000000,3628.76000000000,-436.10000000000,0.00000000000,0.00000000000,1.00000000000
85465.44300000000,51140.74100000000,40.00000000000,0.00000000000,0.00000000000,1.00000000000
92432.92100000000,51140.74100000000,100.00000000000,0.00000000000,0.00000000000,1.00000000000
447.82990000000,1917.59610000000,-499.04925537109,0.00000000000,0.00000000000,1.00000000000
897.75050000000,2084.84050000000,-482.43939208984,0.00000000000,0.00000000000,1.00000000000
1122.59750000000,2168.76720000000,-465.77972412109,0.00000000000,0.00000000000,1.00000000000
1458.37910000000,2298.56000000000,-504.35345458984,0.00000000000,0.00000000000,1.00000000000
1746.18850000000,2413.73510000000,-607.30267333984,0.00000000000,0.00000000000,1.00000000000
2026.80510000000,2510.48320000000,-603.98614501953,0.00000000000,0.00000000000,1.00000000000
2466.27320000000,2676.18030000000,-535.49798583984,0.00000000000,0.00000000000,1.00000000000
2991.12500000000,2829.36300000000,-780.49389648438,0.00000000000,0.00000000000,1.00000000000
-0.0000000351409559003156531
0.0000109547466553915797939
-0.0000035437094126349700935
-0.0000184430432235917855506
-0.0000001263298182697345932
0.0000376565088329464941618
-0.0000415831425268180639122
0.0000103986184462536669426
-0.0000007486056261479969780
-0.0000908460969257951934247
-0.0002445245205211540439477
0.0000975569553393254421982
-0.0000004615028691800394747
-0.0000328868213523084558471
-0.0001587329394661891391379
0.0000765082624999741431988
-0.0000038219306029104355192
0.0003293839824737724631711
-0.0001554908815553515482287
0.0000473222412365076496423
0.0000009437935862667930322
-0.0001670850997304783281620
-0.0001606713743126045735709
0.0001335293113164664634187
-0.0000130325628924391146097
0.0002098102315640181490548
-0.0006688857234560630993583
0.0001303577325796346760099
-0.0000000442114429034015737
0.0000128174285717806042548
0.0000005033277740841580898
-0.0000096440336938146835376
-0.0000076431057232980542085
-0.0000140184962972980396890
-0.0004282094547451014711868
0.0001954231349340971419463
0.0000027845232618492561698
-0.0002133800524308398279677
0.0000245248203282172108609
0.0001658026912718257200093
-0.0000048753567950241531674
-0.0001746379462640814436269
0.0005094190359901074830612
0.0003001817287302502475221
-0.0000000747689364558250421
0.0000037400880721318054428
0.0000362715884376702322025
0.0000153529438547877720306
0.0000000001740504962290615
0.0000007292396274516552331
0.0000000486393037744071151
-0.0000002763898585742457911
-0.0000000001756707002596591
0.0000006115559702413700296
-0.0000000948530932035309816
-0.0000031038742342582793701
0.0000037865650688669714752
0.0003348817159129787281516
-0.0000897485816420013493436
0.0000380024056658334849251
0.0000013604322573010526037
0.0001161107409163500398365
0.0000246655634747349891895
0.0000055713842460932282123
0.0000023940737483243849653
0.0004496709006015593072629
-0.0001580245974340030294149
0.0000843808506178650056606
0.0000008020704515585476898
-0.0007795622040698864515726
-0.0004882541092377779261974
0.0003082151846864251997817
0.0000015108850884627153794
-0.0004972388267788719262361
0.0001188095739382052234978
0.0001872831938915845394200
0.0000001666899533785828653
0.0001204346038602502344268
0.0002246297706513976301552
0.0000338688008016795676319
0.0000025085843229390788418
-0.0001511263644942438316363
0.0006850541794554660486247
0.0003721015704538206897781
0.0000146059015547952128678
-0.0000403769963860341668310
-0.0004766082533675974116510
0.0002414655466064359828991
ENDinstruHRBF
ENDinstruHRBFList
HRBFSurfList
HRBFSurf
2164.25600000000,736.30700000000,64.21000000000,0.00000000000,0.00000000000,1.00000000000
1029.94200000000,1429.27100000000,64.27000000000,0.00000000000,0.00000000000,1.00000000000
2475.89800000000,1449.97300000000,39.90000000000,0.00000000000,0.00000000000,1.00000000000
1808.22100000000,1453.91800000000,41.70000000000,0.00000000000,0.00000000000,1.00000000000
626.73700000000,1865.70300000000,53.90000000000,0.00000000000,0.00000000000,1.00000000000
2756.37100000000,2047.56000000000,43.80000000000,0.00000000000,0.00000000000,1.00000000000
3032.92100000000,2741.74800000000,74.10000000000,0.00000000000,0.00000000000,1.00000000000
917.79600000000,1218.77600000000,69.20000000000,0.00000000000,0.00000000000,1.00000000000
1304.39000000000,2105.35900000000,33.77000000000,0.00000000000,0.00000000000,1.00000000000
1895.38900000000,2114.78500000000,34.82200000000,0.00000000000,0.00000000000,1.00000000000
2463.07000000000,2946.60000000000,56.92000000000,0.00000000000,0.00000000000,1.00000000000
1792.93700000000,3628.76000000000,36.68000000000,0.00000000000,0.00000000000,1.00000000000
447.82990000000,1917.59610000000,28.66650390625,0.00000000000,0.00000000000,1.00000000000
897.75050000000,2084.84050000000,20.23394775391,0.00000000000,0.00000000000,1.00000000000
1122.59750000000,2168.76720000000,11.45233154297,0.00000000000,0.00000000000,1.00000000000
1458.37910000000,2298.56000000000,9.48657226563,0.00000000000,0.00000000000,1.00000000000
1746.18850000000,2413.73510000000,11.67279052734,0.00000000000,0.00000000000,1.00000000000
2026.80510000000,2510.48320000000,16.90869140625,0.00000000000,0.00000000000,1.00000000000
2466.27320000000,2676.18030000000,30.00762939453,0.00000000000,0.00000000000,1.00000000000
2991.12500000000,2829.36300000000,48.19549560547,0.00000000000,0.00000000000,1.00000000000
-0.0000000730630890002756852
-0.0000057033826200566329961
-0.0000210253285868390727808
-0.0000607726452167667066640
0.0000002268016467963694793
-0.0000379895806342880914576
-0.0000754837096900965750070
0.0000240966317943361752613
0.0000000613015916841108456
-0.0000022707472959142427444
-0.0000136009356289897289315
-0.0000055517001789563350775
0.0000000514806724350032306
-0.0000174583635621630929764
-0.0000237643936044224567757
0.0000238131526483481554103
-0.0000044748156425867343335
0.0002459545579764879814910
-0.0001893669639836690688547
0.0000673641064259634339984
0.0000000160668746436265384
0.0000254224942341342548876
0.0000134364137576700458815
-0.0000070777736716820446048
-0.0000256579376478102745714
0.0005417226033768748460345
-0.0010937193519459569111124
0.0002973231939961048240009
-0.0000003908731942034884931
-0.0000090632240548041401629
-0.0000346392041030265312529
-0.0000424109935882942501407
-0.0000044536706440383731830
0.0001572491305734129336553
-0.0002438595079550883349025
0.0000594321203423156239920
-0.0000006846086690946981543
0.0000497518096028119202008
-0.0001061644712044638842480
0.0000197687644387781923582
-0.0000013746946117032355327
0.0000053037724997021033047
0.0001726106955361828368140
0.0000190265092995535536359
0.0000000261595240673454566
0.0000072473726777985904396
-0.0000073748982869866352324
-0.0000636575866584010750327
0.0000037863762372921865127
0.0003358090851188882388842
-0.0001022078414781010856447
-0.0000153772242642865629501
0.0000001372741243326735288
-0.0001665720530080731949778
-0.0001198362351367670950884
0.0000227470811479186806904
0.0000036330413908310293109
0.0001935117487901695152407
-0.0001308886287306541937499
0.0000384496494426134338284
0.0000016541621236829147108
-0.0000823737872900460956112
-0.0001639892973228814756961
0.0000247204994685061734175
0.0000006049964392400814610
0.0000669095847912996871546
-0.0000517905241500115446902
0.0000102117118601744288886
0.0000000960222109340415400
0.0000572177494512221624843
0.0000007132902616175500667
0.0000168097379387044708950
0.0000012922833698823464063
0.0000583554552402748723510
0.0001748172430500426199895
0.0000436356900104059003517
0.0000255272892105174947579
0.0005425280272914925457431
-0.0011046974678974247688346
0.0003057146199403671152882
ENDHRBFSurf
HRBFSurf
2164.25600000000,736.30700000000,-186.79000000000,0.00000000000,0.00000000000,1.00000000000
1029.94200000000,1429.27100000000,-125.73000000000,0.00000000000,0.00000000000,1.00000000000
2475.89800000000,1449.97300000000,-512.10000000000,0.00000000000,0.00000000000,1.00000000000
1808.22100000000,1453.91800000000,-358.30000000000,0.00000000000,0.00000000000,1.00000000000
626.73700000000,1865.70300000000,-145.10000000000,0.00000000000,0.00000000000,1.00000000000
2756.37100000000,2047.56000000000,-506.20000000000,0.00000000000,0.00000000000,1.00000000000
3032.92100000000,2741.74800000000,-598.90000000000,0.00000000000,0.00000000000,1.00000000000
917.79600000000,1218.77600000000,-54.80000000000,0.00000000000,0.00000000000,1.00000000000
1304.39000000000,2105.35900000000,-306.23000000000,0.00000000000,0.00000000000,1.00000000000
1895.38900000000,2114.78500000000,-532.17800000000,0.00000000000,0.00000000000,1.00000000000
2463.07000000000,2946.60000000000,-852.08000000000,0.00000000000,0.00000000000,1.00000000000
1792.93700000000,3628.76000000000,-826.32000000000,0.00000000000,0.00000000000,1.00000000000
447.82990000000,1917.59610000000,-174.88024902344,0.00000000000,0.00000000000,1.00000000000
897.75050000000,2084.84050000000,-241.51416015625,0.00000000000,0.00000000000,1.00000000000
1122.59750000000,2168.76720000000,-313.07873535156,0.00000000000,0.00000000000,1.00000000000
1458.37910000000,2298.56000000000,-390.87799072266,0.00000000000,0.00000000000,1.00000000000
1746.18850000000,2413.73510000000,-545.89678955078,0.00000000000,0.00000000000,1.00000000000
2026.80510000000,2510.48320000000,-654.65924072266,0.00000000000,0.00000000000,1.00000000000
2466.27320000000,2676.18030000000,-793.99206542969,0.00000000000,0.00000000000,1.00000000000
2991.12500000000,2829.36300000000,-634.11608886719,0.00000000000,0.00000000000,1.00000000000
-0.0000006424768273686205835
-0.0000986775543461877860168
-0.0002030420646289746015346
0.0000294341697539450855255
0.0000039079730599763684188
-0.0004213135482806978438300
-0.0005966021752282123702046
0.0002537444615438486333718
0.0000008679198156248533162
-0.0001428329747149463871663
-0.0001776124479602672482162
0.0000786785833403987663187
-0.0000002337273078441373793
-0.0002873727050531676898565
-0.0002638941204452969428035
0.0001794878316686830156679
-0.0000061869494813818401560
0.0001484946482604292150066
-0.0003605697903617177332847
0.0001586622883328271573899
-0.0000006772679173178405804
0.0000559238599381146333643
-0.0001751414321559993496086
0.0000829663090832800524709
-0.0000319266813275850813974
0.0006734285140167126613997
-0.0014614757591515734752585
0.0005566381107615563181984
-0.0000047292857829442241189
-0.0002316142246782850052603
-0.0004589501270611425474445
0.0001096931226972741157261
-0.0000053198638073540311695
-0.0003798068648954512670571
-0.0004645247754024939626505
0.0002400920238144144071204
-0.0000001731205749124131395
-0.0002939551553875442355124
-0.0003768359359638182286972
0.0002151383197275666327598
0.0000034987088757642991784
0.0001411808846911243411123
-0.0003134661295463340925822
0.0001264565716390329808659
0.0000001051256027637810931
-0.0000646344677462561882728
-0.0000590460067585390241287
-0.0000299351579466123597585
0.0000043453688632807746509
0.0003968766087489543478370
-0.0001662859199893983131943
0.0000142578481912924119731
-0.0000024952567955695891437
-0.0007760202733416600570301
-0.0004329515611251962166339
0.0002651588592884159055300
0.0000049264453286711389968
-0.0004852415029886343838909
-0.0003296435033576451309988
0.0001968649567551289435510
0.0000009833297921828890689
-0.0009845205157977376508177
-0.0006136843215632893167380
0.0004966371396782277196705
0.0000005548343060823302280
-0.0009547927112386701614319
-0.0004117183278261365075509
0.0004596554941503532346059
0.0000030057411281110570135
-0.0006773061267873875784112
-0.0004713436798966930260310
0.0003109461876732449330842
-0.0000007035609447050620905
0.0000126995155575759617801
-0.0006329800552135066192896
0.0002653978116366452152421
0.0000309046916622725349115
0.0009695389979043619399848
-0.0014591498988988937674655
0.0006518364343912874106154
ENDHRBFSurf
HRBFSurf
2164.25600000000,736.30700000000,-322.79000000000,0.00000000000,0.00000000000,1.00000000000
1029.94200000000,1429.27100000000,-281.73000000000,0.00000000000,0.00000000000,1.00000000000
2475.89800000000,1449.97300000000,-507.10000000000,0.00000000000,0.00000000000,1.00000000000
1808.22100000000,1453.91800000000,-354.30000000000,0.00000000000,0.00000000000,1.00000000000
626.73700000000,1865.70300000000,-295.10000000000,0.00000000000,0.00000000000,1.00000000000
2756.37100000000,2047.56000000000,-662.20000000000,0.00000000000,0.00000000000,1.00000000000
3032.92100000000,2741.74800000000,-756.90000000000,0.00000000000,0.00000000000,1.00000000000
1304.39000000000,2105.35900000000,-456.23000000000,0.00000000000,0.00000000000,1.00000000000
1895.38900000000,2114.78500000000,-527.17800000000,0.00000000000,0.00000000000,1.00000000000
2463.07000000000,2946.60000000000,-842.08000000000,0.00000000000,0.00000000000,1.00000000000
447.82990000000,1917.59610000000,-320.33764648438,0.00000000000,0.00000000000,1.00000000000
897.75050000000,2084.84050000000,-390.57409667969,0.00000000000,0.00000000000,1.00000000000
1122.59750000000,2168.76720000000,-460.94982910156,0.00000000000,0.00000000000,1.00000000000
1458.37910000000,2298.56000000000,-503.62133789063,0.00000000000,0.00000000000,1.00000000000
1746.18850000000,2413.73510000000,-564.34826660156,0.00000000000,0.00000000000,1.00000000000
2026.80510000000,2510.48320000000,-652.21112060547,0.00000000000,0.00000000000,1.00000000000
2466.27320000000,2676.18030000000,-817.75872802734,0.00000000000,0.00000000000,1.00000000000
2991.12500000000,2829.36300000000,-785.94506835938,0.00000000000,0.00000000000,1.00000000000
-0.0000003629205619066624191
-0.0000654921851916100556919
-0.0001026395870669578495394
-0.0000461049905570721826995
-0.0000004596970004162103812
-0.0000653425166573602309288
-0.0000768557147906321014514
0.0000108269963942205674852
0.0000002126325903868251146
-0.0002290475129984421921898
-0.0002482347766849102971808
0.0000877979635830041318673
-0.0000006129227736246492238
-0.0001771612816603592138048
-0.0001937412823330015828119
0.0000975541262846580048635
-0.0000055534630329805287344
0.0001013825462457611611316
-0.0003197996209840872909765
0.0001316647796393273864030
0.0000000695169581467643859
-0.0000697361882003202075307
-0.0002883502868167667773994
0.0000783410386192677238998
-0.0000277889778367356742625
0.0005804917459300791343288
-0.0012963151608734019802627
0.0003844284902461122871084
-0.0000033069690860248067809
-0.0001992652668805830462866
-0.0003753958138212823837480
0.0001115837283319074990694
-0.0000010328339388139475848
-0.0001763285935321817733071
-0.0004202496027909692470105
0.0001600759065519974529666
0.0000016037536823742965670
-0.0000462631319469971455578
-0.0001271013387318548364027
-0.0000047717195483205805402
0.0000036985231250791465080
0.0003291995999665889597804
-0.0001090240879919598200511
-0.0000287583528370626928614
-0.0000024890727989433412538
-0.0007682618630219685681645
-0.0004200897255588999170024
0.0002602131482424715992405
0.0000048200879240373707208
-0.0004854010280386257796675
-0.0002391082297956809935707
0.0001550865613120064497032
0.0000010619525650956430862
-0.0005504571178438085691381
-0.0003661924841579059799156
0.0001144806874588999613543
-0.0000001054106990619494719
-0.0006035846153077475701593
-0.0003755995670664586294669
0.0001929974485620977123906
0.0000022644986817244154665
-0.0006723389902619356832750
-0.0004306781778388373916125
0.0002792963556130216725391
0.0000003350508411410178097
-0.0001647183102423506397168
-0.0003832750978257648283992
0.0001543866350002159925150
0.0000276485520078388259831
0.0006783569606086783986346
-0.0012422352864837804455739
0.0003626739291502888151708
ENDHRBFSurf
HRBFSurf
2164.25600000000,736.30700000000,-351.79000000000,0.00000000000,0.00000000000,1.00000000000
1029.94200000000,1429.27100000000,-310.73000000000,0.00000000000,0.00000000000,1.00000000000
2475.89800000000,1449.97300000000,-541.10000000000,0.00000000000,0.00000000000,1.00000000000
1808.22100000000,1453.91800000000,-429.30000000000,0.00000000000,0.00000000000,1.00000000000
626.73700000000,1865.70300000000,-341.10000000000,0.00000000000,0.00000000000,1.00000000000
2756.37100000000,2047.56000000000,-696.20000000000,0.00000000000,0.00000000000,1.00000000000
3032.92100000000,2741.74800000000,-794.90000000000,0.00000000000,0.00000000000,1.00000000000
1895.38900000000,2114.78500000000,-561.17800000000,0.00000000000,0.00000000000,1.00000000000
2463.07000000000,2946.60000000000,-884.08000000000,0.00000000000,0.00000000000,1.00000000000
447.82990000000,1917.59610000000,-366.30346679688,0.00000000000,0.00000000000,1.00000000000
897.75050000000,2084.84050000000,-398.05395507813,0.00000000000,0.00000000000,1.00000000000
1122.59750000000,2168.76720000000,-449.80419921875,0.00000000000,0.00000000000,1.00000000000
1458.37910000000,2298.56000000000,-547.49658203125,0.00000000000,0.00000000000,1.00000000000
1746.18850000000,2413.73510000000,-613.20886230469,0.00000000000,0.00000000000,1.00000000000
2026.80510000000,2510.48320000000,-695.28027343750,0.00000000000,0.00000000000,1.00000000000
2466.27320000000,2676.18030000000,-857.75360107422,0.00000000000,0.00000000000,1.00000000000
2991.12500000000,2829.36300000000,-824.11523437500,0.00000000000,0.00000000000,1.00000000000
-0.0000004280988661057716952
-0.0000543733797875401984770
-0.0001273338366660410636046
-0.0000402274541183549665612
-0.0000004967997431626491417
-0.0000689621292755017564410
-0.0000648345582718715850645
0.0000074257044497263132292
0.0000001363507746469169155
-0.0002004893506113694569976
-0.0002517107451546361698153
0.0000750665023473394015007
-0.0000003053761797128791892
-0.0001750649827264016413723
-0.0001865054743451519201486
0.0000892655024982384742846
-0.0000048576103103249415371
0.0002039967180443731631888
-0.0002642258244854676224600
0.0000853192247095963223879
0.0000000640977474287998860
-0.0000742870168200567021098
-0.0002926137973713288480127
0.0000810587820065951489192
-0.0000279054157590073554035
0.0005813300032686501269893
-0.0013042724206445395832010
0.0003902904664854091169347
-0.0000015228233129795141119
-0.0001334844434149436089194
-0.0004357927786992617062711
0.0001579959763808261731088
0.0000017203744765211237095
-0.0000433245955914426746536
-0.0001380185287200137939437
-0.0000031768221271201742030
0.0000037532729920865726886
0.0003349778360990802983897
-0.0000945724371176393278308
-0.0000366469713191399686027
-0.0000021613341240989661344
-0.0005445590041432158421100
-0.0003167842908530742315407
0.0001361629798971364705383
0.0000016660492113204693201
-0.0007034298071505567769360
-0.0002869277944173714844922
0.0001870879297201689136880
-0.0000002844593348263407399
-0.0006132961504187925926013
-0.0002406574192014498622411
0.0001537020377719293829505
0.0000004775259469156272370
-0.0005854118559441789070019
-0.0004199670678439552658039
0.0002035380690397214920040
0.0000021695317287201792222
-0.0006426575970318327548844
-0.0004370279953732755990649
0.0002696168385393478503925
0.0000002293638280680115838
-0.0001571126141977302690528
-0.0003980334702009107072408
0.0001555460905220682529121
0.0000277489238923692210705
0.0006861671010569604396007
-0.0012498986342862198391929
0.0003694036967136757115479
ENDHRBFSurf
HRBFSurf
1029.94200000000,1429.27100000000,-330.73000000000,0.00000000000,0.00000000000,1.00000000000
2475.89800000000,1449.97300000000,-560.10000000000,0.00000000000,0.00000000000,1.00000000000
1808.22100000000,1453.91800000000,-448.30000000000,0.00000000000,0.00000000000,1.00000000000
626.73700000000,1865.70300000000,-338.10000000000,0.00000000000,0.00000000000,1.00000000000
1895.38900000000,2114.78500000000,-579.17800000000,0.00000000000,0.00000000000,1.00000000000
447.82990000000,1917.59610000000,-360.66699218750,0.00000000000,0.00000000000,1.00000000000
897.75050000000,2084.84050000000,-397.74267578125,0.00000000000,0.00000000000,1.00000000000
1122.59750000000,2168.76720000000,-452.31127929688,0.00000000000,0.00000000000,1.00000000000
1458.37910000000,2298.56000000000,-543.63598632813,0.00000000000,0.00000000000,1.00000000000
1746.18850000000,2413.73510000000,-583.16906738281,0.00000000000,0.00000000000,1.00000000000
2026.80510000000,2510.48320000000,-585.23010253906,0.00000000000,0.00000000000,1.00000000000
2466.27320000000,2676.18030000000,-565.58892822266,0.00000000000,0.00000000000,1.00000000000
2991.12500000000,2829.36300000000,-538.94268798828,0.00000000000,0.00000000000,1.00000000000
-0.0000003502565546053786902
-0.0000892130612840485971108
-0.0000213837023946945195096
-0.0000148748615776502175810
0.0000003385053604285794360
-0.0001124691142393870034065
-0.0000084498272731622594460
-0.0000310931265608859730399
-0.0000004423478118163426018
-0.0002070037165514010965919
-0.0001104845078048956075493
0.0000535124125377472477502
-0.0000046078856258772646270
0.0001489969070254024390964
-0.0002356893654669272827103
0.0000793150142970913381649
0.0000002742614400475361288
-0.0000595109486937659177435
-0.0001435800520027499566252
0.0000646259550207418763260
0.0000033674005893046045457
0.0003022345950165414838785
-0.0000891581371436542778619
-0.0000622340602310278618887
-0.0000022942868844041317656
-0.0005731127515974397462414
-0.0003240756668422247800156
0.0001514038220287951177351
0.0000019321218447245512796
-0.0007021766343558301197436
-0.0002877409025220728977165
0.0001899169539497754172815
0.0000003721874441147370105
-0.0004991292057625416195288
-0.0001718848407830983048439
0.0001056083113685616264909
0.0000012292528695077933440
-0.0001933547275559773708040
-0.0000615710212478580166387
0.0000105912234413777683650
0.0000003696110290441780748
0.0000285877709564074273000
0.0000020323498835640187087
-0.0000010285367601079108560
-0.0000000286828394708736798
0.0000834396820224188860184
0.0000301524597172002191349
0.0000096599320397789572353
-0.0000001494444269920354139
0.0000349305222216911284900
0.0000106765417346018026776
-0.0000977316765478998457925
ENDHRBFSurf
HRBFSurf
1029.94200000000,1429.27100000000,-376.73000000000,0.00000000000,0.00000000000,1.00000000000
2475.89800000000,1449.97300000000,-607.10000000000,0.00000000000,0.00000000000,1.00000000000
1808.22100000000,1453.91800000000,-494.30000000000,0.00000000000,0.00000000000,1.00000000000
626.73700000000,1865.70300000000,-382.10000000000,0.00000000000,0.00000000000,1.00000000000
1895.38900000000,2114.78500000000,-628.17800000000,0.00000000000,0.00000000000,1.00000000000
447.82990000000,1917.59610000000,-404.64062500000,0.00000000000,0.00000000000,1.00000000000
897.75050000000,2084.84050000000,-442.54199218750,0.00000000000,0.00000000000,1.00000000000
1122.59750000000,2168.76720000000,-498.29541015625,0.00000000000,0.00000000000,1.00000000000
1458.37910000000,2298.56000000000,-591.47558593750,0.00000000000,0.00000000000,1.00000000000
1746.18850000000,2413.73510000000,-631.78771972656,0.00000000000,0.00000000000,1.00000000000
2026.80510000000,2510.48320000000,-633.87060546875,0.00000000000,0.00000000000,1.00000000000
2466.27320000000,2676.18030000000,-613.65924072266,0.00000000000,0.00000000000,1.00000000000
2991.12500000000,2829.36300000000,-586.24993896484,0.00000000000,0.00000000000,1.00000000000
-0.0000003407127221733440873
-0.0000911468006379779241118
-0.0000192954102275467232256
-0.0000147672809570516074988
0.0000003399142775692452442
-0.0001132255847560296638894
-0.0000091135776562707775062
-0.0000306478514835686847583
-0.0000004518603699484866224
-0.0002080623823288738159093
-0.0001125369746409913618897
0.0000547703028024596190828
-0.0000046264067020822369870
0.0001454827680109887903283
-0.0002351015099140903467836
0.0000796762741311397452776
0.0000002953710501229736473
-0.0000607954854538318673974
-0.0001446618512909432583552
0.0000654344542949278454606
0.0000033623297355673955587
0.0003018187881747551467269
-0.0000893353584448073484176
-0.0000621994152894218751146
-0.0000023465567652220131399
-0.0005830585796368121945590
-0.0003283556154576254657203
0.0001564727477804401644529
0.0000019698386760241229460
-0.0007146552922760954912329
-0.0002923708561245950661792
0.0001969852757158785123287
0.0000003743861399242705228
-0.0005080407899045836584220
-0.0001745902368979385154216
0.0001096383600007453019585
0.0000012433118338283328546
-0.0001975259981655851700827
-0.0000612839956635519205125
0.0000114006113655526087339
0.0000003739525722419099059
0.0000295714943898601818515
0.0000030532460440881168340
-0.0000010511824778433560357
-0.0000000292354210365374497
0.0000858950314644555155486
0.0000308166544616956232126
0.0000099139526043733770870
-0.0000001537103017345047770
0.0000360263733284499923460
0.0000107964504426280871074
-0.0000976318240702582539406
ENDHRBFSurf
HRBFSurf
1029.94200000000,1429.27100000000,-402.73000000000,0.00000000000,0.00000000000,1.00000000000
2475.89800000000,1449.97300000000,-636.10000000000,0.00000000000,0.00000000000,1.00000000000
1808.22100000000,1453.91800000000,-518.30000000000,0.00000000000,0.00000000000,1.00000000000
626.73700000000,1865.70300000000,-409.10000000000,0.00000000000,0.00000000000,1.00000000000
1895.38900000000,2114.78500000000,-653.17800000000,0.00000000000,0.00000000000,1.00000000000
447.82990000000,1917.59610000000,-431.58105468750,0.00000000000,0.00000000000,1.00000000000
897.75050000000,2084.84050000000,-469.28320312500,0.00000000000,0.00000000000,1.00000000000
1122.59750000000,2168.76720000000,-524.58911132813,0.00000000000,0.00000000000,1.00000000000
1458.37910000000,2298.56000000000,-616.97973632813,0.00000000000,0.00000000000,1.00000000000
1746.18850000000,2413.73510000000,-656.79418945313,0.00000000000,0.00000000000,1.00000000000
2026.80510000000,2510.48320000000,-658.71118164063,0.00000000000,0.00000000000,1.00000000000
2466.27320000000,2676.18030000000,-638.69335937500,0.00000000000,0.00000000000,1.00000000000
2991.12500000000,2829.36300000000,-611.38543701172,0.00000000000,0.00000000000,1.00000000000
-0.0000003421729842443227603
-0.0000887882743012751931991
-0.0000205809249269926850933
-0.0000151336652624722895106
0.0000003564735420678920193
-0.0001176772583864446782009
-0.0000083200174305401536313
-0.0000290050392973976936680
-0.0000004702609832536400416
-0.0002112792878886261946272
-0.0001120324648243069211220
0.0000559186967907373074947
-0.0000046092621015021496324
0.0001459034119646416692746
-0.0002354738589174797970798
0.0000794312446844117623149
0.0000002949583663089105774
-0.0000616715584809479291798
-0.0001443674315887445421067
0.0000661577526691454852322
0.0000033542721222969846802
0.0003010697640147323391781
-0.0000889737551425369784961
-0.0000624865500838723848115
-0.0000023262119057396479611
-0.0005794730976522409482410
-0.0003268100850578765643843
0.0001545822417052444743696
0.0000019573495593589363284
-0.0007095909359435621961698
-0.0002907830709125104259871
0.0001941581743926191268735
0.0000003781807591189984041
-0.0005035749783617939371802
-0.0001733065743205926267922
0.0001077016687150355797598
0.0000012338601948857425393
-0.0001943159758623894573133
-0.0000602250805828748932169
0.0000107061655418388433284
0.0000003658376855066498115
0.0000299226438784691704429
0.0000033722231396112984454
-0.0000010533102790284781539
-0.0000000290083228749163529
0.0000851565021511642466145
0.0000311664203174569863345
0.0000098624747974398777289
-0.0000001534648634772190878
0.0000358378540417788688183
0.0000112633298332396191864
-0.0000977331479249022748099
ENDHRBFSurf
HRBFSurf
1029.94200000000,1429.27100000000,-415.73000000000,0.00000000000,0.00000000000,1.00000000000
2475.89800000000,1449.97300000000,-651.10000000000,0.00000000000,0.00000000000,1.00000000000
1808.22100000000,1453.91800000000,-531.30000000000,0.00000000000,0.00000000000,1.00000000000
626.73700000000,1865.70300000000,-427.10000000000,0.00000000000,0.00000000000,1.00000000000
1895.38900000000,2114.78500000000,-669.17800000000,0.00000000000,0.00000000000,1.00000000000
447.82990000000,1917.59610000000,-449.55664062500,0.00000000000,0.00000000000,1.00000000000
897.75050000000,2084.84050000000,-486.74829101563,0.00000000000,0.00000000000,1.00000000000
1122.59750000000,2168.76720000000,-541.46899414063,0.00000000000,0.00000000000,1.00000000000
1458.37910000000,2298.56000000000,-633.35827636719,0.00000000000,0.00000000000,1.00000000000
1746.18850000000,2413.73510000000,-672.82250976563,0.00000000000,0.00000000000,1.00000000000
2026.80510000000,2510.48320000000,-674.35241699219,0.00000000000,0.00000000000,1.00000000000
2466.27320000000,2676.18030000000,-653.43139648438,0.00000000000,0.00000000000,1.00000000000
2991.12500000000,2829.36300000000,-624.86083984375,0.00000000000,0.00000000000,1.00000000000
-0.0000003669566293541915377
-0.0000839301889843679677517
-0.0000257389653812934868172
-0.0000151382610016949149980
0.0000003611180254908826743
-0.0001191762916774207945424
-0.0000085976176540878088839
-0.0000281182470275080757815
-0.0000004817416460845108724
-0.0002130923405748480123877
-0.0001139086071126865746346
0.0000574660382455277588703
-0.0000045775616689501645934
0.0001499310265296859847554
-0.0002399326736764299003273
0.0000797478598052517702538
0.0000003029984835837050181
-0.0000609038063956919301783
-0.0001462945217310227159508
0.0000670640092866415447577
0.0000033529103564594069462
0.0003010819842237835546050
-0.0000881043795086254891927
-0.0000630356357577368560255
-0.0000023002083263097903799
-0.0005736021055844069821417
-0.0003253782435045879948068
0.0001522276855138794714791
0.0000019349716903545778493
-0.0007039971609804732436896
-0.0002901064936450469759072
0.0001916591954679288192526
0.0000003813839768090548102
-0.0005006006127707819490513
-0.0001724802209724056586623
0.0001064415582436722962356
0.0000012375396733515235776
-0.0001907850114968237672467
-0.0000585453364085567352221
0.0000100697727089599003216
0.0000003576108315877300969
0.0000336659132155532912550
0.0000054100103036568279695
-0.0000009944882605140227328
-0.0000000303440971448547685
0.0000889953733680584732537
0.0000327029757136927632668
0.0000102451037067014966581
-0.0000001609132938260778390
0.0000376973543385079998182
0.0000119209184257801782247
-0.0000976188081657929941897
ENDHRBFSurf
HRBFSurf
1029.94200000000,1429.27100000000,-449.73000000000,0.00000000000,0.00000000000,1.00000000000
2475.89800000000,1449.97300000000,-692.10000000000,0.00000000000,0.00000000000,1.00000000000
1808.22100000000,1453.91800000000,-574.30000000000,0.00000000000,0.00000000000,1.00000000000
626.73700000000,1865.70300000000,-436.10000000000,0.00000000000,0.00000000000,1.00000000000
1895.38900000000,2114.78500000000,-665.17800000000,0.00000000000,0.00000000000,1.00000000000
447.82990000000,1917.59610000000,-458.84130859375,0.00000000000,0.00000000000,1.00000000000
897.75050000000,2084.84050000000,-495.19873046875,0.00000000000,0.00000000000,1.00000000000
1122.59750000000,2168.76720000000,-547.78002929688,0.00000000000,0.00000000000,1.00000000000
1458.37910000000,2298.56000000000,-633.14794921875,0.00000000000,0.00000000000,1.00000000000
1746.18850000000,2413.73510000000,-670.65124511719,0.00000000000,0.00000000000,1.00000000000
2026.80510000000,2510.48320000000,-675.94140625000,0.00000000000,0.00000000000,1.00000000000
2466.27320000000,2676.18030000000,-669.77569580078,0.00000000000,0.00000000000,1.00000000000
2991.12500000000,2829.36300000000,-661.25061035156,0.00000000000,0.00000000000,1.00000000000
-0.0000002583132079097656117
-0.0001151166321261373775469
-0.0000004838916739422325761
-0.0000124862575086927092755
0.0000003890663887990181989
-0.0001214957001662813728792
0.0000034869394003341072841
-0.0000310540031971631266447
-0.0000003509821669124722304
-0.0002164672276477637034766
-0.0000781676782960179981864
0.0000458432210254660854284
-0.0000046991797549559002689
0.0001398653204528379611488
-0.0002106317058741852168546
0.0000761570361761038024410
0.0000000805852328275069563
-0.0000684258556765337210264
-0.0001140075962865418930789
0.0000578322013001305066738
0.0000033840453092242524505
0.0003019600881164724950380
-0.0000941936681299488927192
-0.0000589142250960679569991
-0.0000022054069839147160820
-0.0005617863338782986973655
-0.0003129319563825451152098
0.0001420991592280131218980
0.0000018952761141661144373
-0.0006766340957051767074706
-0.0002690914763945519020197
0.0001719673039670746843982
0.0000003491447039598416177
-0.0004718997003987464495568
-0.0001625014511637484586858
0.0000935731842753366959385
0.0000010835251861715440466
-0.0001973999341928282769913
-0.0000753403609770043577228
0.0000102781802656603350266
0.0000003970544045359631806
-0.0000149674930145886105200
-0.0000230703683240264885077
-0.0000006706173957854043975
-0.0000000132128526885131496
0.0000254014961038493052926
0.0000125480869808363018565
0.0000061365938513787741493
-0.0000000449837203732858758
0.0000075938362040210179290
0.0000058788919692294990622
-0.0000990550907329753113498
ENDHRBFSurf
HRBFSurf
1029.94200000000,1429.27100000000,-446.73000000000,0.00000000000,0.00000000000,1.00000000000
1808.22100000000,1453.91800000000,-571.30000000000,0.00000000000,0.00000000000,1.00000000000
626.73700000000,1865.70300000000,-474.10000000000,0.00000000000,0.00000000000,1.00000000000
1895.38900000000,2114.78500000000,-713.17800000000,0.00000000000,0.00000000000,1.00000000000
447.82990000000,1917.59610000000,-497.33642578125,0.00000000000,0.00000000000,1.00000000000
897.75050000000,2084.84050000000,-530.58105468750,0.00000000000,0.00000000000,1.00000000000
1122.59750000000,2168.76720000000,-582.80908203125,0.00000000000,0.00000000000,1.00000000000
1458.37910000000,2298.56000000000,-676.63647460938,0.00000000000,0.00000000000,1.00000000000
1746.18850000000,2413.73510000000,-722.22033691406,0.00000000000,0.00000000000,1.00000000000
2026.80510000000,2510.48320000000,-736.66229248047,0.00000000000,0.00000000000,1.00000000000
2466.27320000000,2676.18030000000,-748.21954345703,0.00000000000,0.00000000000,1.00000000000
2991.12500000000,2829.36300000000,-764.04611206055,0.00000000000,0.00000000000,1.00000000000
-0.0000004600803493375785455
-0.0000749419979330078622629
-0.0000414695009384911264061
-0.0000162983336065022647236
-0.0000001797486370299196758
-0.0001265477592396419340148
-0.0001505897994785356376439
0.0000139947888886359402265
-0.0000045744260470971944110
0.0001781181769253846664848
-0.0002534629504549953948889
0.0000821970113750650601195
0.0000001279430626160606774
-0.0000552762692713465775859
-0.0002085211711368025963315
0.0000588862078874560204364
0.0000034742520970448030748
0.0003103809995798427457357
-0.0000883341220720067031710
-0.0000635434881443670753366
-0.0000022071476967076822840
-0.0005459251014817793077119
-0.0003157422728732858568587
0.0001429617241281556201064
0.0000017698421469104513367
-0.0006919526340451653476094
-0.0002873118966062689397765
0.0001904411515157864776861
0.0000002101166240768236788
-0.0005326096753203489811423
-0.0001821765368198443126903
0.0001221217636199909621457
0.0000010893000300159093927
-0.0002761051290856738585529
-0.0001124929055819162649829
0.0000271757192063629622093
0.0000006273279788941514484
-0.0000985228288850289763302
-0.0000678117267331675865503
0.0000025747368273420318677
0.0000000258983040813274505
-0.0000479230171881985794334
-0.0000233331184712197983115
0.0000033560098469094546863
0.0000001077247850003972132
-0.0000351055791645384952793
-0.0000149821729181768169747
-0.0001105334154629849721793
ENDHRBFSurf
HRBFSurf
1029.94200000000,1429.27100000000,-461.73000000000,0.00000000000,0.00000000000,1.00000000000
1808.22100000000,1453.91800000000,-590.30000000000,0.00000000000,0.00000000000,1.00000000000
626.73700000000,1865.70300000000,-484.10000000000,0.00000000000,0.00000000000,1.00000000000
447.82990000000,1917.59610000000,-507.45532226563,0.00000000000,0.00000000000,1.00000000000
897.75050000000,2084.84050000000,-517.10498046875,0.00000000000,0.00000000000,1.00000000000
1122.59750000000,2168.76720000000,-532.35766601563,0.00000000000,0.00000000000,1.00000000000
1458.37910000000,2298.56000000000,-560.68408203125,0.00000000000,0.00000000000,1.00000000000
1746.18850000000,2413.73510000000,-578.81298828125,0.00000000000,0.00000000000,1.00000000000
2026.80510000000,2510.48320000000,-591.32019042969,0.00000000000,0.00000000000,1.00000000000
2466.27320000000,2676.18030000000,-606.38598632813,0.00000000000,0.00000000000,1.00000000000
2991.12500000000,2829.36300000000,-624.31866455078,0.00000000000,0.00000000000,1.00000000000
-0.0000004191156780113686667
-0.0000799247417507041281936
-0.0000298825039302469467857
-0.0000173661718800877986886
0.0000002611848296027705698
-0.0001010940845387014156874
-0.0000125966262165814746061
-0.0000122413783530153642799
-0.0000041384661721301457224
0.0002373312492757145126220
-0.0001912553442979621676125
0.0000634450082642015245928
0.0000035079355146907788572
0.0003122971887457702696266
-0.0000938253080725321152470
-0.0000652628746827007665942
-0.0000003026087263616011366
-0.0002082451222800387109248
-0.0001527964955178786742463
0.0000317168665818265670944
0.0000005298585355146825643
-0.0002215713290870011630256
-0.0000940355625325059858678
0.0000279653738293127277241
-0.0000000389175485701696203
-0.0001917378279906360261185
-0.0000630760555381455653408
0.0000234620705619075166544
0.0000001149564495476901021
-0.0001560935861656192688313
-0.0000504652281835505243305
0.0000126698070938866914697
0.0000003346851265219645614
-0.0000988028064438886173418
-0.0000336942309683168933921
0.0000085950021272774512163
0.0000000400115139130833934
-0.0000602867600420193910059
-0.0000216733793102467089335
0.0000033960368467866634351
0.0000001126442130102690745
-0.0000318266642696909599465
-0.0000095419874370094041118
-0.0001122337313804891927678
ENDHRBFSurf
HRBFSurf
447.82990000000,1917.59610000000,-507.45532226563,0.00000000000,0.00000000000,1.00000000000
897.75050000000,2084.84050000000,-507.45532226563,0.00000000000,0.00000000000,1.00000000000
1122.59750000000,2168.76720000000,-507.45532226563,0.00000000000,0.00000000000,1.00000000000
1458.37910000000,2298.56000000000,-507.45532226563,0.00000000000,0.00000000000,1.00000000000
1746.18850000000,2413.73510000000,-507.45532226563,0.00000000000,0.00000000000,1.00000000000
2026.80510000000,2510.48320000000,-507.45532226563,0.00000000000,0.00000000000,1.00000000000
2466.27320000000,2676.18030000000,-507.45532226563,0.00000000000,0.00000000000,1.00000000000
2991.12500000000,2829.36300000000,-507.45532226563,0.00000000000,0.00000000000,1.00000000000
0.0000000000000000000000000
0.0000000000000000000000000
0.0000000000000000000000000
-0.0001233698456319357495033
0.0000000000000000000000000
0.0000000000000000000000000
0.0000000000000000000000000
0.0000000032060413747293633
0.0000000000000000000000000
0.0000000000000000000000000
0.0000000000000000000000000
0.0000000201924357013671688
0.0000000000000000000000000
0.0000000000000000000000000
0.0000000000000000000000000
0.0000000468811154446358521
0.0000000000000000000000000
0.0000000000000000000000000
0.0000000000000000000000000
-0.0000000991875897471732346
0.0000000000000000000000000
0.0000000000000000000000000
0.0000000000000000000000000
0.0000001209482598483962124
0.0000000000000000000000000
0.0000000000000000000000000
0.0000000000000000000000000
-0.0000002373558703547420599
0.0000000000000000000000000
0.0000000000000000000000000
0.0000000000000000000000000
-0.0001232347342634890739483
ENDHRBFSurf
HRBFSurf
447.82990000000,1917.59610000000,-507.45532226563,0.00000000000,0.00000000000,1.00000000000
897.75050000000,2084.84050000000,-507.45532226563,0.00000000000,0.00000000000,1.00000000000
1122.59750000000,2168.76720000000,-507.45532226563,0.00000000000,0.00000000000,1.00000000000
1458.37910000000,2298.56000000000,-507.45532226563,0.00000000000,0.00000000000,1.00000000000
1746.18850000000,2413.73510000000,-507.45532226563,0.00000000000,0.00000000000,1.00000000000
2026.80510000000,2510.48320000000,-507.45532226563,0.00000000000,0.00000000000,1.00000000000
2466.27320000000,2676.18030000000,-507.45532226563,0.00000000000,0.00000000000,1.00000000000
2991.12500000000,2829.36300000000,-507.45532226563,0.00000000000,0.00000000000,1.00000000000
0.0000000000000000000000000
0.0000000000000000000000000
0.0000000000000000000000000
-0.0001233698456319357495033
0.0000000000000000000000000
0.0000000000000000000000000
0.0000000000000000000000000
0.0000000032060413747293633
0.0000000000000000000000000
0.0000000000000000000000000
0.0000000000000000000000000
0.0000000201924357013671688
0.0000000000000000000000000
0.0000000000000000000000000
0.0000000000000000000000000
0.0000000468811154446358521
0.0000000000000000000000000
0.0000000000000000000000000
0.0000000000000000000000000
-0.0000000991875897471732346
0.0000000000000000000000000
0.0000000000000000000000000
0.0000000000000000000000000
0.0000001209482598483962124
0.0000000000000000000000000
0.0000000000000000000000000
0.0000000000000000000000000
-0.0000002373558703547420599
0.0000000000000000000000000
0.0000000000000000000000000
0.0000000000000000000000000
-0.0001232347342634890739483
ENDHRBFSurf
ENDHRBFSurfList
ENDREGION
REGION
instruHRBFList
instruHRBF
626.73700000000,1865.70300000000,-436.10000000000,0.00000000000,0.00000000000,1.00000000000
2756.37100000000,2047.56000000000,-662.20000000000,0.00000000000,0.00000000000,1.00000000000
3032.92100000000,2741.74800000000,-756.90000000000,0.00000000000,0.00000000000,1.00000000000
1895.38900000000,2114.78500000000,-653.17800000000,0.00000000000,0.00000000000,1.00000000000
447.82990000000,1917.59610000000,-410.20550537109,0.00000000000,0.00000000000,1.00000000000
897.75050000000,2084.84050000000,-443.99084472656,0.00000000000,0.00000000000,1.00000000000
1122.59750000000,2168.76720000000,-494.61743164063,0.00000000000,0.00000000000,1.00000000000
1458.37910000000,2298.56000000000,-575.83374023438,0.00000000000,0.00000000000,1.00000000000
1746.18850000000,2413.73510000000,-618.95886230469,0.00000000000,0.00000000000,1.00000000000
2026.80510000000,2510.48320000000,-640.44799804688,0.00000000000,0.00000000000,1.00000000000
2466.27320000000,2676.18030000000,-684.79577636719,0.00000000000,0.00000000000,1.00000000000
2991.12500000000,2829.36300000000,-731.41250610352,0.00000000000,0.00000000000,1.00000000000
0.0000036981103808105903814
-0.0003825876376570516062062
0.0000875219972446616094721
0.0000435788509848892673939
-0.0000001931144255944409969
-0.0000458827966295937108763
-0.0000672304183170113794010
-0.0000299025172786430621145
0.0000254522084862622842731
-0.0005397749247975565942484
0.0010300021712524841128317
0.0002761949831126698910212
0.0000010341686941266773003
-0.0001498121887888820779298
0.0000931791563107787433043
0.0000355460787580930053582
-0.0000039275619257654409571
-0.0003558613484916503728363
0.0000840879865287795486657
-0.0000602888242100799496117
-0.0000032078655725914270663
-0.0004217168834404753821436
-0.0001601419246082984640649
0.0000915731421191696623712
0.0000018108266004277408629
-0.0006588678917909873483313
-0.0002459580039039044947920
0.0001529679682969756421632
-0.0000000159417467502946708
-0.0005057108203738126459004
-0.0001331511825620871648790
0.0001034033319313031350000
-0.0000001660253217693433823
-0.0003559465342999594160076
-0.0000015077923582384865810
0.0000487205862814544022363
0.0000003192158006436559230
-0.0002023850851288240960783
-0.0000525861397334083846469
0.0000224483581920620358882
0.0000001787600826597949910
-0.0001699925232597624725778
-0.0000745345827113294806098
0.0000360587426168401453327
-0.0000249845542843016981142
-0.0006026066129574417446282
0.0010934982392958930361160
0.0002720293059998296083223
ENDinstruHRBF
instruHRBF
2164.25600000000,736.30700000000,-436.10000000000,0.00000000000,0.00000000000,1.00000000000
1029.94200000000,1429.27100000000,-436.10000000000,0.00000000000,0.00000000000,1.00000000000
2475.89800000000,1449.97300000000,-436.10000000000,0.00000000000,0.00000000000,1.00000000000
1808.22100000000,1453.91800000000,-436.10000000000,0.00000000000,0.00000000000,1.00000000000
626.73700000000,1865.70300000000,-474.10000000000,0.00000000000,0.00000000000,1.00000000000
2756.37100000000,2047.56000000000,-696.20000000000,0.00000000000,0.00000000000,1.00000000000
3032.92100000000,2741.74800000000,-767.90000000000,0.00000000000,0.00000000000,1.00000000000
917.79600000000,1218.77600000000,-436.10000000000,0.00000000000,0.00000000000,1.00000000000
1304.39000000000,2105.35900000000,-436.10000000000,0.00000000000,0.00000000000,1.00000000000
1895.38900000000,2114.78500000000,-669.17800000000,0.00000000000,0.00000000000,1.00000000000
2463.07000000000,2946.60000000000,-436.10000000000,0.00000000000,0.00000000000,1.00000000000
1792.93700000000,3628.76000000000,-436.10000000000,0.00000000000,0.00000000000,1.00000000000
85465.44300000000,51140.74100000000,40.00000000000,0.00000000000,0.00000000000,1.00000000000
92432.92100000000,51140.74100000000,100.00000000000,0.00000000000,0.00000000000,1.00000000000
447.82990000000,1917.59610000000,-449.04925537109,0.00000000000,0.00000000000,1.00000000000
897.75050000000,2084.84050000000,-432.43939208984,0.00000000000,0.00000000000,1.00000000000
1122.59750000000,2168.76720000000,-415.77972412109,0.00000000000,0.00000000000,1.00000000000
1458.37910000000,2298.56000000000,-454.35345458984,0.00000000000,0.00000000000,1.00000000000
1746.18850000000,2413.73510000000,-557.30267333984,0.00000000000,0.00000000000,1.00000000000
2026.80510000000,2510.48320000000,-553.98614501953,0.00000000000,0.00000000000,1.00000000000
2466.27320000000,2676.18030000000,-485.49798583984,0.00000000000,0.00000000000,1.00000000000
2991.12500000000,2829.36300000000,-730.49389648438,0.00000000000,0.00000000000,1.00000000000
-0.0000000314190470586516881
0.0000112534353939014307471
-0.0000037643325701568403173
-0.0000213118661281731123440
-0.0000000957580125548138266
0.0000398278282647615488004
-0.0000180043202956159227265
0.0000136028157865497674770
-0.0000007449613263945409199
-0.0000900407221146965418800
-0.0002428591758544516605173
0.0000993035541295248256949
-0.0000004799566749416238921
-0.0000274319403046949324870
-0.0001606061139939950297307
0.0000784566754702869178324
0.0000047923465656211623829
-0.0001936678671434194484637
0.0001529149823591822337284
0.0000641433767278089137171
0.0000009806479316688126578
-0.0001742414860109870713891
-0.0001476012379646508853627
0.0001606501366319542604272
0.0000334853004136180290562
-0.0007399543150129121553416
0.0013871562231635877187469
0.0006242900765546662532335
-0.0000000230531558490871257
0.0000040545011562683580972
-0.0000049144037520444675007
-0.0000107493140775392583057
0.0000016479823819105441909
-0.0004179617542477390319811
0.0000093632729592369138975
0.0001005290870713194327198
0.0000038683529830930418126
-0.0002591175981459587678371
0.0001950612750605393492555
0.0002655044191679232557825
-0.0000031972685230310701523
-0.0001741937373902467949167
0.0002723145460800606822496
0.0001521136668943131816951
-0.0000000752415893921791507
0.0000034588045181382674412
0.0000339317220924794968697
0.0000031440864693510901153
0.0000000001760051602724292
0.0000006854590073700834079
-0.0000000011499863285720775
-0.0000002813555872398662367
-0.0000000001760656221971405
0.0000006295684484912187322
-0.0000000997363979283598079
-0.0000031072921869615277822
-0.0000037381664923997830886
-0.0003317389435291502510633
0.0001075231920491373559332
0.0000395454616748516026188
0.0000002483336901709546406
0.0002552140043876631654053
0.0001609722720634948099020
0.0000300619708422713302967
-0.0000043094691135013537926
-0.0001429415028312276366492
0.0000767974910291698291583
0.0000178166676732404531398
-0.0000018488448504003251828
-0.0006060283637315407555268
-0.0002064621423698034493373
0.0001865340324275551614226
0.0000007570454650302065512
-0.0005344537975728520014934
0.0002157832076204335312528
0.0002763207489045208463917
-0.0000001573692799761453497
0.0001132819316797402489942
0.0002724387589283118059520
0.0000675869015052751203644
0.0000008214012270926896381
-0.0001603275421762056899850
0.0004940384251811049797637
0.0002231134583672710221518
-0.0000318999009624271892354
-0.0010382805355037116185057
0.0015310235435659449217821
0.0008025166725081346553658
ENDinstruHRBF
ENDinstruHRBFList
HRBFSurfList
HRBFSurf
2164.25600000000,736.30700000000,64.21000000000,0.00000000000,0.00000000000,1.00000000000
1029.94200000000,1429.27100000000,64.27000000000,0.00000000000,0.00000000000,1.00000000000
2475.89800000000,1449.97300000000,39.90000000000,0.00000000000,0.00000000000,1.00000000000
1808.22100000000,1453.91800000000,41.70000000000,0.00000000000,0.00000000000,1.00000000000
626.73700000000,1865.70300000000,53.90000000000,0.00000000000,0.00000000000,1.00000000000
2756.37100000000,2047.56000000000,43.80000000000,0.00000000000,0.00000000000,1.00000000000
3032.92100000000,2741.74800000000,74.10000000000,0.00000000000,0.00000000000,1.00000000000
917.79600000000,1218.77600000000,69.20000000000,0.00000000000,0.00000000000,1.00000000000
1304.39000000000,2105.35900000000,33.77000000000,0.00000000000,0.00000000000,1.00000000000
1895.38900000000,2114.78500000000,34.82200000000,0.00000000000,0.00000000000,1.00000000000
2463.07000000000,2946.60000000000,56.92000000000,0.00000000000,0.00000000000,1.00000000000
1792.93700000000,3628.76000000000,36.68000000000,0.00000000000,0.00000000000,1.00000000000
447.82990000000,1917.59610000000,78.66650390625,0.00000000000,0.00000000000,1.00000000000
897.75050000000,2084.84050000000,70.23394775391,0.00000000000,0.00000000000,1.00000000000
1122.59750000000,2168.76720000000,61.45233154297,0.00000000000,0.00000000000,1.00000000000
1458.37910000000,2298.56000000000,59.48657226563,0.00000000000,0.00000000000,1.00000000000
1746.18850000000,2413.73510000000,61.67279052734,0.00000000000,0.00000000000,1.00000000000
2026.80510000000,2510.48320000000,66.90869140625,0.00000000000,0.00000000000,1.00000000000
2466.27320000000,2676.18030000000,80.00762939453,0.00000000000,0.00000000000,1.00000000000
2991.12500000000,2829.36300000000,98.19549560547,0.00000000000,0.00000000000,1.00000000000
-0.0000000731926696788047289
-0.0000044922767686304743278
-0.0000229538477225764470417
-0.0000606699455311668223579
0.0000002573977955060405748
-0.0000349586471932917898834
-0.0000523115727583355592540
0.0000231842687566406201768
0.0000000575523577584961430
0.0000005612937378672819801
-0.0000165402741681876044063
-0.0000054723400260764009227
0.0000000274851126319522239
-0.0000117498318554792603166
-0.0000291950994600676342618
0.0000238121891952196224399
0.0000041274635587724500268
-0.0002774146491566834558419
0.0001173899545680721396993
0.0000560279654456715255030
0.0000000943374864891206005
0.0000058802474611640755204
0.0000417390379607563522879
-0.0000072120507718302076847
0.0000240371858581154549978
-0.0004959891832375230933533
0.0010815223202332920494212
0.0002597410111292096064964
-0.0000003693557059556004993
-0.0000201643111980109288094
-0.0000405260463087385664274
-0.0000418846769475867729076
0.0000052967180457502337709
-0.0002183394018423895886500
0.0002336044751765529124948
0.0000738745905683880338660
0.0000008966645332469386014
-0.0000308431849236730568206
0.0001241183231845083365791
0.0000228391990475096345696
0.0000012591067188770888088
0.0000619217726754690367483
-0.0001575435895807410051350
0.0000160925547792864253097
0.0000000122231334763578819
0.0000078851348857020305667
-0.0000050828187983227217391
-0.0000639634159185459392084
-0.0000037331840881486953443
-0.0003292045951690235902967
0.0000958521463837373830646
-0.0000179620532261102141170
-0.0000009658367561126592563
-0.0000257324849799293683028
0.0000137475133295641710072
0.0000126211773990407645545
-0.0000031021990113371513376
-0.0003999753049679834345474
0.0001014698291461010621218
0.0000587360074852866432442
-0.0000015368708101638357037
0.0000979085622215596166609
0.0001863398410242569024596
0.0000297888692634766664481
-0.0000004488914035748195854
0.0000021663531150258361889
0.0000925529751198955600612
0.0000127819410390557498781
-0.0000002988609659598822706
0.0000494677546755936363844
0.0000665596577419218655676
0.0000187684795583703606305
-0.0000012465702418530309981
0.0000264928869068893369518
-0.0001089324898025895529442
0.0000399554070000456443908
-0.0000242904622501930242537
-0.0004595813309369341909637
0.0010219463938575745146770
0.0002644021909548960541994
ENDHRBFSurf
HRBFSurf
2164.25600000000,736.30700000000,-186.79000000000,0.00000000000,0.00000000000,1.00000000000
1029.94200000000,1429.27100000000,-125.73000000000,0.00000000000,0.00000000000,1.00000000000
2475.89800000000,1449.97300000000,-512.10000000000,0.00000000000,0.00000000000,1.00000000000
1808.22100000000,1453.91800000000,-358.30000000000,0.00000000000,0.00000000000,1.00000000000
626.73700000000,1865.70300000000,-145.10000000000,0.00000000000,0.00000000000,1.00000000000
2756.37100000000,2047.56000000000,-506.20000000000,0.00000000000,0.00000000000,1.00000000000
3032.92100000000,2741.74800000000,-598.90000000000,0.00000000000,0.00000000000,1.00000000000
917.79600000000,1218.77600000000,-54.80000000000,0.00000000000,0.00000000000,1.00000000000
1304.39000000000,2105.35900000000,-306.23000000000,0.00000000000,0.00000000000,1.00000000000
1895.38900000000,2114.78500000000,-532.17800000000,0.00000000000,0.00000000000,1.00000000000
2463.07000000000,2946.60000000000,-852.08000000000,0.00000000000,0.00000000000,1.00000000000
1792.93700000000,3628.76000000000,-826.32000000000,0.00000000000,0.00000000000,1.00000000000
447.82990000000,1917.59610000000,-124.88024902344,0.00000000000,0.00000000000,1.00000000000
897.75050000000,2084.84050000000,-191.51416015625,0.00000000000,0.00000000000,1.00000000000
1122.59750000000,2168.76720000000,-263.07873535156,0.00000000000,0.00000000000,1.00000000000
1458.37910000000,2298.56000000000,-340.87799072266,0.00000000000,0.00000000000,1.00000000000
1746.18850000000,2413.73510000000,-495.89678955078,0.00000000000,0.00000000000,1.00000000000
2026.80510000000,2510.48320000000,-604.65924072266,0.00000000000,0.00000000000,1.00000000000
2466.27320000000,2676.18030000000,-743.99206542969,0.00000000000,0.00000000000,1.00000000000
2991.12500000000,2829.36300000000,-584.11608886719,0.00000000000,0.00000000000,1.00000000000
-0.0000006413919906357216994
-0.0000974466807364977855412
-0.0002036255690593755248666
0.0000313570574333875862639
0.0000039315506406419589277
-0.0004177641788671925893520
-0.0005762634244840472317814
0.0002476121235457226705569
0.0000008693951755793296236
-0.0001418576712467902009758
-0.0001785298725909476567388
0.0000755810270191301992234
-0.0000002536222215759635846
-0.0002824216120407567107674
-0.0002672909383145156015510
0.0001796739635187950356963
0.0000021752164460010665113
-0.0003993916233237135250331
-0.0000776379184859731121112
0.0000724845786494600867597
-0.0000006595098766943242700
0.0000489582597332729695908
-0.0001689956964286413901126
0.0000565234656974335382797
0.0000156092459978901751676
-0.0002858398077615789505124
0.0006369188939950341321952
0.0001201592394704434471533
-0.0000047072915431932685058
-0.0002433486658156420155436
-0.0004638845701765706907790
0.0001128380729530469570900
0.0000034317574075009396096
-0.0007789723340397451461711
-0.0000591198496355804453488
0.0002254882227803321390579
0.0000011943646502435688130
-0.0003655830941705487998478
-0.0001824992226516425136099
0.0001894244712537552512675
0.0000050779113018388755244
0.0001639265805140685398119
-0.0005313037493753326257276
0.0002755033313860433567474
0.0000000951250632427137607
-0.0000622377748956158072594
-0.0000562426432195425239592
-0.0000227916478215974074330
-0.0000031317942051799105072
-0.0002631103110815111298035
0.0000350364589735884795628
-0.0000348180265912164632852
-0.0000033823578281210595599
-0.0006576819966633740306705
-0.0003226999831678684831429
0.0001964823670190766092148
-0.0000015243894381399103411
-0.0010570453028109832657733
-0.0001085096478355131676373
0.0002888350373864155052651
-0.0000014017999052534689369
-0.0008346123412849343250336
-0.0003476983544990022733691
0.0003605297866418049755784
-0.0000004963890680052104908
-0.0010165217321444401741420
-0.0002666938392143533131246
0.0004745309185533151956522
0.0000027210649191984407526
-0.0006852315834929202263345
-0.0004123231456941712212184
0.0002948181739023684935080
-0.0000022538240401708828474
-0.0000049996638750948051136
-0.0008089468804714111151155
0.0004281689054137021669538
-0.0000166432862458655723146
-0.0000540885893412026985422
0.0005813392622340383562515
0.0002167982097049026197523
ENDHRBFSurf
HRBFSurf
2164.25600000000,736.30700000000,-322.79000000000,0.00000000000,0.00000000000,1.00000000000
1029.94200000000,1429.27100000000,-281.73000000000,0.00000000000,0.00000000000,1.00000000000
2475.89800000000,1449.97300000000,-507.10000000000,0.00000000000,0.00000000000,1.00000000000
1808.22100000000,1453.91800000000,-354.30000000000,0.00000000000,0.00000000000,1.00000000000
626.73700000000,1865.70300000000,-295.10000000000,0.00000000000,0.00000000000,1.00000000000
2756.37100000000,2047.56000000000,-662.20000000000,0.00000000000,0.00000000000,1.00000000000
3032.92100000000,2741.74800000000,-756.90000000000,0.00000000000,0.00000000000,1.00000000000
1304.39000000000,2105.35900000000,-456.23000000000,0.00000000000,0.00000000000,1.00000000000
1895.38900000000,2114.78500000000,-527.17800000000,0.00000000000,0.00000000000,1.00000000000
2463.07000000000,2946.60000000000,-842.08000000000,0.00000000000,0.00000000000,1.00000000000
447.82990000000,1917.59610000000,-270.33764648438,0.00000000000,0.00000000000,1.00000000000
897.75050000000,2084.84050000000,-340.57409667969,0.00000000000,0.00000000000,1.00000000000
1122.59750000000,2168.76720000000,-410.94982910156,0.00000000000,0.00000000000,1.00000000000
1458.37910000000,2298.56000000000,-453.62133789063,0.00000000000,0.00000000000,1.00000000000
1746.18850000000,2413.73510000000,-514.34826660156,0.00000000000,0.00000000000,1.00000000000
2026.80510000000,2510.48320000000,-602.21112060547,0.00000000000,0.00000000000,1.00000000000
2466.27320000000,2676.18030000000,-767.75872802734,0.00000000000,0.00000000000,1.00000000000
2991.12500000000,2829.36300000000,-735.94506835938,0.00000000000,0.00000000000,1.00000000000
-0.0000003629621887949550438
-0.0000656911451502046863033
-0.0001071285351563160527597
-0.0000437070198492268562106
-0.0000004187716989278570982
-0.0000718563720286152551918
-0.0000649294414020255139649
0.0000096180957529766062454
0.0000002129407730740803612
-0.0002273995794451613499613
-0.0002505665213840300520678
0.0000869177142211685437425
-0.0000006384599910577959512
-0.0001713326337433303616937
-0.0001976528377697708035825
0.0000996117747749198040406
0.0000028346178442635448468
-0.0004501118861991152851273
-0.0000378689884716471150466
0.0000828831322952097390190
0.0000001280271357278100677
-0.0000869654151010206596245
-0.0002684017683757804087312
0.0000585294008793201989919
0.0000215816959131742061703
-0.0004400051363559359684542
0.0008689529697341120051055
0.0001899609722143898898113
0.0000060050752844202579661
-0.0005520237385073535878871
0.0000883658934989566241091
0.0001642922665047696331644
0.0000004073074583110509885
-0.0002667580928558006543409
-0.0002160233660239056579198
0.0001274146278790691685055
0.0000038350815911102537870
0.0000169876098887122853266
-0.0004139970578177016766706
0.0001032122280323320988489
-0.0000038039365850679648195
-0.0003355841442078941519976
0.0000887061791780695990152
-0.0000458149793011408703572
-0.0000033764383208830950225
-0.0006498068378697220140103
-0.0003125498022686489397320
0.0001903361130368113717914
-0.0000015913310095759333327
-0.0010506311272982845478330
-0.0000228748272248731973762
0.0002831986171255088113874
-0.0000020138039470786217214
-0.0003727840752348700109273
-0.0000291420222157367607419
0.0000699416625603851640916
-0.0000011576514484345586118
-0.0006703321641028655653374
-0.0002363665393798019512435
0.0001717644770912448782315
0.0000020079808062581596781
-0.0006815255173293756178754
-0.0003795758704805352523257
0.0002563043279108569464861
-0.0000018185691686106216156
-0.0001944822009054305287680
-0.0006229997606240558760682
0.0002730761503939692770408
-0.0000218318658924170380220
-0.0003319421186839181629746
0.0008685472228479656706113
0.0002152608307608192906094
ENDHRBFSurf
HRBFSurf
2164.25600000000,736.30700000000,-351.79000000000,0.00000000000,0.00000000000,1.00000000000
1029.94200000000,1429.27100000000,-310.73000000000,0.00000000000,0.00000000000,1.00000000000
2475.89800000000,1449.97300000000,-541.10000000000,0.00000000000,0.00000000000,1.00000000000
1808.22100000000,1453.91800000000,-429.30000000000,0.00000000000,0.00000000000,1.00000000000
626.73700000000,1865.70300000000,-341.10000000000,0.00000000000,0.00000000000,1.00000000000
2756.37100000000,2047.56000000000,-696.20000000000,0.00000000000,0.00000000000,1.00000000000
3032.92100000000,2741.74800000000,-794.90000000000,0.00000000000,0.00000000000,1.00000000000
1895.38900000000,2114.78500000000,-561.17800000000,0.00000000000,0.00000000000,1.00000000000
2463.07000000000,2946.60000000000,-884.08000000000,0.00000000000,0.00000000000,1.00000000000
447.82990000000,1917.59610000000,-316.30346679688,0.00000000000,0.00000000000,1.00000000000
897.75050000000,2084.84050000000,-348.05395507813,0.00000000000,0.00000000000,1.00000000000
1122.59750000000,2168.76720000000,-399.80419921875,0.00000000000,0.00000000000,1.00000000000
1458.37910000000,2298.56000000000,-497.49658203125,0.00000000000,0.00000000000,1.00000000000
1746.18850000000,2413.73510000000,-563.20886230469,0.00000000000,0.00000000000,1.00000000000
2026.80510000000,2510.48320000000,-645.28027343750,0.00000000000,0.00000000000,1.00000000000
2466.27320000000,2676.18030000000,-807.75360107422,0.00000000000,0.00000000000,1.00000000000
2991.12500000000,2829.36300000000,-774.11523437500,0.00000000000,0.00000000000,1.00000000000
-0.0000004272741872931730668
-0.0000541636228146264131185
-0.0001324853497801160612420
-0.0000379874646044586319394
-0.0000004163343143684652102
-0.0000660675483452756424170
-0.0000392693943461754036654
0.0000041121849986628500719
0.0000001349335261014900950
-0.0001983119204647389134059
-0.0002550002003656127915615
0.0000748523417983330932894
-0.0000003070746434200516495
-0.0001795295365866706263375
-0.0001805297876387610897519
0.0000882349658593318002166
0.0000036685749240203021109
-0.0003306130053526451398165
0.0000379806638374810304442
0.0000582104193278466021952
0.0000001216749673952339860
-0.0000912260986314907348525
-0.0002731427124735293196674
0.0000605896024072945311631
0.0000214355736079237062502
-0.0004382975014784558018266
0.0008598044235785210365891
0.0001888290705796844622284
-0.0000001547184667000950374
-0.0002312559049374229098919
-0.0002445098310531170155216
0.0001098533774086183479159
0.0000039237480893870742271
0.0000193069133094481478342
-0.0004209264506823579303149
0.0001106395260419822812329
-0.0000037531306123949665808
-0.0003341599270573781263818
0.0001018361183111464619974
-0.0000429192965434378430746
-0.0000032472745106893627288
-0.0004144223274374500489044
-0.0001793733894169195872310
0.0000978548055173641300516
0.0000016662411480995111300
-0.0007028581432171062499600
-0.0002880568350648403234439
0.0001862703885310853602151
-0.0000004460786915213158484
-0.0006404439826468484196417
-0.0002024858757213046319724
0.0001592580559996346835534
-0.0000005520869714205072167
-0.0006515667990275781674969
-0.0002740567698633830651112
0.0001712763063415900799142
0.0000019484919461963293905
-0.0006524537181162366099654
-0.0003912605141486176604966
0.0002445740715872000417205
-0.0000018957703994973531887
-0.0001865262745216810316446
-0.0006347780252003918082665
0.0002771826274158623233147
-0.0000217003776007921891065
-0.0003238864488501137155023
0.0008605570744913243171406
0.0002143774562094264617227
ENDHRBFSurf
HRBFSurf
1029.94200000000,1429.27100000000,-330.73000000000,0.00000000000,0.00000000000,1.00000000000
2475.89800000000,1449.97300000000,-560.10000000000,0.00000000000,0.00000000000,1.00000000000
1808.22100000000,1453.91800000000,-448.30000000000,0.00000000000,0.00000000000,1.00000000000
626.73700000000,1865.70300000000,-338.10000000000,0.00000000000,0.00000000000,1.00000000000
1895.38900000000,2114.78500000000,-579.17800000000,0.00000000000,0.00000000000,1.00000000000
447.82990000000,1917.59610000000,-310.66699218750,0.00000000000,0.00000000000,1.00000000000
897.75050000000,2084.84050000000,-347.74267578125,0.00000000000,0.00000000000,1.00000000000
1122.59750000000,2168.76720000000,-402.31127929688,0.00000000000,0.00000000000,1.00000000000
1458.37910000000,2298.56000000000,-493.63598632813,0.00000000000,0.00000000000,1.00000000000
1746.18850000000,2413.73510000000,-533.16906738281,0.00000000000,0.00000000000,1.00000000000
2026.80510000000,2510.48320000000,-535.23010253906,0.00000000000,0.00000000000,1.00000000000
2466.27320000000,2676.18030000000,-515.58892822266,0.00000000000,0.00000000000,1.00000000000
2991.12500000000,2829.36300000000,-488.94268798828,0.00000000000,0.00000000000,1.00000000000
-0.0000002676511661418777397
-0.0000871348786844275695514
0.0000004031957266624250460
-0.0000160898501505164602402
0.0000003498050649186924857
-0.0001041805826196191706251
-0.0000052107483128562087041
-0.0000306557436957579276717
-0.0000004493554229400669813
-0.0002118644788732757802078
-0.0001076328112432304039180
0.0000552715176674011462728
0.0000038993513798025961290
-0.0003871662862838802141550
0.0000646756762319845661911
0.0000683788704732666977656
0.0000017979578119493830497
-0.0001352358356439739279879
0.0000744495961512080614174
0.0000849228407592842393040
-0.0000041324179655500888961
-0.0003649474557239279558056
0.0001064549447948069318829
-0.0000526652925952052376876
-0.0000033676905974466345941
-0.0004442164412026584365510
-0.0001884475997872110881234
0.0001107431283764022888171
0.0000019308502302547778711
-0.0007017861460880020800165
-0.0002898674377572734860327
0.0001873536832308211419560
0.0000002364381736912267769
-0.0005219810275881423032932
-0.0001373570039403604412919
0.0001179968053451125242423
0.0000001733938410189305276
-0.0002583696951379525091376
0.0000914983960336976950931
0.0000407809072430311610885
0.0000000147577767587256666
0.0000208090164787233847764
0.0000832065255663087783395
0.0000089898927484545751101
-0.0000000245271374296274152
0.0000835491284248840177917
0.0000292489691303331789975
0.0000092372643035370216976
-0.0000001524619045805966440
0.0000353950338004148281745
0.0000092036026791397023517
-0.0000983680567672714974712
ENDHRBFSurf
HRBFSurf
1029.94200000000,1429.27100000000,-376.73000000000,0.00000000000,0.00000000000,1.00000000000
2475.89800000000,1449.97300000000,-607.10000000000,0.00000000000,0.00000000000,1.00000000000
1808.22100000000,1453.91800000000,-494.30000000000,0.00000000000,0.00000000000,1.00000000000
626.73700000000,1865.70300000000,-382.10000000000,0.00000000000,0.00000000000,1.00000000000
1895.38900000000,2114.78500000000,-628.17800000000,0.00000000000,0.00000000000,1.00000000000
447.82990000000,1917.59610000000,-354.64062500000,0.00000000000,0.00000000000,1.00000000000
897.75050000000,2084.84050000000,-392.54199218750,0.00000000000,0.00000000000,1.00000000000
1122.59750000000,2168.76720000000,-448.29541015625,0.00000000000,0.00000000000,1.00000000000
1458.37910000000,2298.56000000000,-541.47558593750,0.00000000000,0.00000000000,1.00000000000
1746.18850000000,2413.73510000000,-581.78771972656,0.00000000000,0.00000000000,1.00000000000
2026.80510000000,2510.48320000000,-583.87060546875,0.00000000000,0.00000000000,1.00000000000
2466.27320000000,2676.18030000000,-563.65924072266,0.00000000000,0.00000000000,1.00000000000
2991.12500000000,2829.36300000000,-536.24993896484,0.00000000000,0.00000000000,1.00000000000
-0.0000002581374693489698827
-0.0000890834149200585577498
0.0000024718851541571353434
-0.0000160274228737890022170
0.0000003511854216951395808
-0.0001049321755391467941940
-0.0000058784529646585492420
-0.0000301989496490943110118
-0.0000004587781345803212147
-0.0002129003558461079219019
-0.0001096544326064283723932
0.0000566317031141261328399
0.0000038784863478093627786
-0.0003909664811867250922353
0.0000649698331629644764947
0.0000686303872290740539421
0.0000018176321516276459331
-0.0001363286990099298945974
0.0000732721798196983830622
0.0000860383192953372184786
-0.0000041373079281187744892
-0.0003653502533464473536924
0.0001063500763891179687337
-0.0000527257587945432245734
-0.0000034178170259003362506
-0.0004544791296848501357258
-0.0001929704063065525480262
0.0001149309645597990970928
0.0000019685171146157742260
-0.0007142596943118589489230
-0.0002945134535788295968017
0.0001944500830114740340913
0.0000002394790613337490927
-0.0005307381780782105974020
-0.0001401922627897153920355
0.0001222431672134395076214
0.0000001880609982704434835
-0.0002624582845288868067704
0.0000916960674158234637955
0.0000421385307759584111834
0.0000000191346013298940882
0.0000217912437746393349805
0.0000842092483991051108305
0.0000091795643614170789783
-0.0000000250927720013961471
0.0000860048571248364234106
0.0000299166959436178415098
0.0000094739460941674988206
-0.0000001567444114845567904
0.0000364995358889600964502
0.0000093431621996699314436
-0.0000983014148950121514599
ENDHRBFSurf
HRBFSurf
1029.94200000000,1429.27100000000,-402.73000000000,0.00000000000,0.00000000000,1.00000000000
2475.89800000000,1449.97300000000,-636.10000000000,0.00000000000,0.00000000000,1.00000000000
1808.22100000000,1453.91800000000,-518.30000000000,0.00000000000,0.00000000000,1.00000000000
626.73700000000,1865.70300000000,-409.10000000000,0.00000000000,0.00000000000,1.00000000000
1895.38900000000,2114.78500000000,-653.17800000000,0.00000000000,0.00000000000,1.00000000000
447.82990000000,1917.59610000000,-381.58105468750,0.00000000000,0.00000000000,1.00000000000
897.75050000000,2084.84050000000,-419.28320312500,0.00000000000,0.00000000000,1.00000000000
1122.59750000000,2168.76720000000,-474.58911132813,0.00000000000,0.00000000000,1.00000000000
1458.37910000000,2298.56000000000,-566.97973632813,0.00000000000,0.00000000000,1.00000000000
1746.18850000000,2413.73510000000,-606.79418945313,0.00000000000,0.00000000000,1.00000000000
2026.80510000000,2510.48320000000,-608.71118164063,0.00000000000,0.00000000000,1.00000000000
2466.27320000000,2676.18030000000,-588.69335937500,0.00000000000,0.00000000000,1.00000000000
2991.12500000000,2829.36300000000,-561.38543701172,0.00000000000,0.00000000000,1.00000000000
-0.0000002596187310187142869
-0.0000867300668403974658925
0.0000011767500456065840667
-0.0000164053837660957920819
0.0000003677118051427677588
-0.0001093887939054789451955
-0.0000050933353813056343948
-0.0000285784108662970257324
-0.0000004771526962608395545
-0.0002160968758886422000885
-0.0001091419212779505244987
0.0000578393383468919598865
0.0000038960988166477529882
-0.0003904221428073076697284
0.0000646933516870368046855
0.0000688475927440524901844
0.0000018174283873754862259
-0.0001373006118499987837384
0.0000735562661569651995508
0.0000868534994297257689896
-0.0000041451198370918363581
-0.0003660814728971293675365
0.0001066769604366370606356
-0.0000524635428355531079850
-0.0000033981645688457638107
-0.0004507860101850307194861
-0.0001913457055026023749100
0.0001133545573997324351894
0.0000019560068285934776427
-0.0007092052832382858768359
-0.0002929156949487250142378
0.0001915918706556816813145
0.0000002430383083820431344
-0.0005263202727662270744360
-0.0001388765961269574657471
0.0001202725689562138375495
0.0000001784731752761153359
-0.0002592791414890416833161
0.0000927649646528680237425
0.0000413971303155943583458
0.0000000111857402027277786
0.0000221492830183346498766
0.0000844981384653533898086
0.0000091522620529948059019
-0.0000000248434469348275543
0.0000852655170461403362145
0.0000302576612605263281443
0.0000094585021864387548490
-0.0000001564907003619690663
0.0000363091602413387332235
0.0000098050825825101019473
-0.0000983479870115163806168
ENDHRBFSurf
HRBFSurf
1029.94200000000,1429.27100000000,-415.73000000000,0.00000000000,0.00000000000,1.00000000000
2475.89800000000,1449.97300000000,-651.10000000000,0.00000000000,0.00000000000,1.00000000000
1808.22100000000,1453.91800000000,-531.30000000000,0.00000000000,0.00000000000,1.00000000000
626.73700000000,1865.70300000000,-427.10000000000,0.00000000000,0.00000000000,1.00000000000
1895.38900000000,2114.78500000000,-669.17800000000,0.00000000000,0.00000000000,1.00000000000
447.82990000000,1917.59610000000,-399.55664062500,0.00000000000,0.00000000000,1.00000000000
897.75050000000,2084.84050000000,-436.74829101563,0.00000000000,0.00000000000,1.00000000000
1122.59750000000,2168.76720000000,-491.46899414063,0.00000000000,0.00000000000,1.00000000000
1458.37910000000,2298.56000000000,-583.35827636719,0.00000000000,0.00000000000,1.00000000000
1746.18850000000,2413.73510000000,-622.82250976563,0.00000000000,0.00000000000,1.00000000000
2026.80510000000,2510.48320000000,-624.35241699219,0.00000000000,0.00000000000,1.00000000000
2466.27320000000,2676.18030000000,-603.43139648438,0.00000000000,0.00000000000,1.00000000000
2991.12500000000,2829.36300000000,-574.86083984375,0.00000000000,0.00000000000,1.00000000000
-0.0000002848341131230810682
-0.0000819157731590766419356
-0.0000041098936131733019298
-0.0000164009005645192573438
0.0000003723421574033902299
-0.0001108882709178657909044
-0.0000053667191022107382515
-0.0000276684031812308195192
-0.0000004885262948015871391
-0.0002179254262512206514763
-0.0001109934653219120777529
0.0000593281302341611206414
0.0000039292380590731265758
-0.0003862501071413416801892
0.0000604092792674848735770
0.0000690011628245032688275
0.0000018255096872766962515
-0.0001366231071345200558283
0.0000716119848497826882831
0.0000876745986732113886161
-0.0000041466404779937276277
-0.0003660883126140942610445
0.0001075314372007569048125
-0.0000524729406105225169073
-0.0000033733742695783811072
-0.0004447021932515606403372
-0.0001898057270464553779928
0.0001116131390201380291487
0.0000019338836460525304362
-0.0007036158367238145748199
-0.0002923328650781826642396
0.0001889244160683503550701
0.0000002461800694034963572
-0.0005233724223254378887793
-0.0001380729588573804467785
0.0001189808250920685640546
0.0000001819189865012154989
-0.0002557825320292346038369
0.0000944773713916818093676
0.0000408018234670704766178
0.0000000032174927343776679
0.0000258870644981843724391
0.0000864956839567527293071
0.0000093274801682922468100
-0.0000000261617839875171831
0.0000891044604286210983803
0.0000317865767804507629154
0.0000098637865343722904332
-0.0000001639383399313933334
0.0000381671790128257782792
0.0000104724679800667864273
-0.0000982555700169365927275
ENDHRBFSurf
HRBFSurf
1029.94200000000,1429.27100000000,-449.73000000000,0.00000000000,0.00000000000,1.00000000000
2475.89800000000,1449.97300000000,-692.10000000000,0.00000000000,0.00000000000,1.00000000000
1808.22100000000,1453.91800000000,-574.30000000000,0.00000000000,0.00000000000,1.00000000000
626.73700000000,1865.70300000000,-436.10000000000,0.00000000000,0.00000000000,1.00000000000
1895.38900000000,2114.78500000000,-665.17800000000,0.00000000000,0.00000000000,1.00000000000
447.82990000000,1917.59610000000,-408.84130859375,0.00000000000,0.00000000000,1.00000000000
897.75050000000,2084.84050000000,-445.19873046875,0.00000000000,0.00000000000,1.00000000000
1122.59750000000,2168.76720000000,-497.78002929688,0.00000000000,0.00000000000,1.00000000000
1458.37910000000,2298.56000000000,-583.14794921875,0.00000000000,0.00000000000,1.00000000000
1746.18850000000,2413.73510000000,-620.65124511719,0.00000000000,0.00000000000,1.00000000000
2026.80510000000,2510.48320000000,-625.94140625000,0.00000000000,0.00000000000,1.00000000000
2466.27320000000,2676.18030000000,-619.77569580078,0.00000000000,0.00000000000,1.00000000000
2991.12500000000,2829.36300000000,-611.25061035156,0.00000000000,0.00000000000,1.00000000000
-0.0000001732602697733330877
-0.0001127205293207610961505
0.0000221149725424004320166
-0.0000134045111528461096328
0.0000004004750905850328188
-0.0001132826130700698120338
0.0000067184707635125244515
-0.0000310210417554994622108
-0.0000003590281665085052421
-0.0002212737032792912422307
-0.0000756640366279930098609
0.0000474327116818644845941
0.0000038097005237750872580
-0.0003957264720766771729822
0.0000901919695113796298118
0.0000679152465850974636132
0.0000016105245682782099286
-0.0001445207450576318608092
0.0001044932788345276554074
0.0000780218311349055454332
-0.0000041150402568342206306
-0.0003651341026811578786837
0.0001010398105420053056292
-0.0000516722772505599423336
-0.0000032812538537740157735
-0.0004326509812162188171707
-0.0001769397074495873364332
0.0001017674644175510365778
0.0000018928856582229619186
-0.0006762312836454960991370
-0.0002706392334118933647863
0.0001702906528193159907403
0.0000002096669338278232351
-0.0004953491441708515437628
-0.0001271880865170451583180
0.0001051016779253622452847
0.0000000263948016665162619
-0.0002626157359751031322367
0.0000779486931888845004839
0.0000374211730264161315015
0.0000000405410804634422562
-0.0000226529582161428654895
0.0000584107060459160596462
0.0000069616767410755095951
-0.0000000089874807263033003
0.0000255037207205270239642
0.0000116355161153555699622
0.0000057491852796904771312
-0.0000000478927675631438853
0.0000080138211208452200807
0.0000042354914194117306882
-0.0000989772717049144245974
ENDHRBFSurf
HRBFSurf
1029.94200000000,1429.27100000000,-446.73000000000,0.00000000000,0.00000000000,1.00000000000
1808.22100000000,1453.91800000000,-571.30000000000,0.00000000000,0.00000000000,1.00000000000
626.73700000000,1865.70300000000,-474.10000000000,0.00000000000,0.00000000000,1.00000000000
1895.38900000000,2114.78500000000,-713.17800000000,0.00000000000,0.00000000000,1.00000000000
447.82990000000,1917.59610000000,-447.33642578125,0.00000000000,0.00000000000,1.00000000000
897.75050000000,2084.84050000000,-480.58105468750,0.00000000000,0.00000000000,1.00000000000
1122.59750000000,2168.76720000000,-532.80908203125,0.00000000000,0.00000000000,1.00000000000
1458.37910000000,2298.56000000000,-626.63647460938,0.00000000000,0.00000000000,1.00000000000
1746.18850000000,2413.73510000000,-672.22033691406,0.00000000000,0.00000000000,1.00000000000
2026.80510000000,2510.48320000000,-686.66229248047,0.00000000000,0.00000000000,1.00000000000
2466.27320000000,2676.18030000000,-698.21954345703,0.00000000000,0.00000000000,1.00000000000
2991.12500000000,2829.36300000000,-714.04611206055,0.00000000000,0.00000000000,1.00000000000
-0.0000003805491204914404563
-0.0000732527887119108005957
-0.0000207435509206227146491
-0.0000172236948803952433663
-0.0000001854245178679428317
-0.0001256860765727616023428
-0.0001507207851753333274162
0.0000151735627205251843064
0.0000039421857390096572011
-0.0003576738684536858391659
0.0000477869393798881051966
0.0000676870679375401464953
0.0000016624648919506237855
-0.0001271555435214217967977
0.0000099214895591093889380
0.0000703596543295598766650
-0.0000040303367334711581900
-0.0003573494398469596053727
0.0001071846367405773065278
-0.0000583124239797496715307
-0.0000032849276509855345003
-0.0004160001236898472386574
-0.0001798124111320914032559
0.0001049992440600091701992
0.0000017717899426419419849
-0.0006912747535510460747052
-0.0002902575874763946620592
0.0001873722536629323417307
0.0000000789443665918393237
-0.0005551428712935476241300
-0.0001483957681987838322230
0.0001338590385217180490397
0.0000000296054149617742859
-0.0003416682357601845366687
0.0000417393066416753708773
0.0000495793200317808552572
0.0000002631392859682634918
-0.0001064281574817571996826
0.0000153562703689536217942
0.0000070921533120584457887
0.0000000323065742588195355
-0.0000473900423403165405793
-0.0000252079472297388098700
0.0000026965323669495813463
0.0000001084079727103588257
-0.0000308549728378720202328
-0.0000206369063430929707275
-0.0001117965837231899131664
ENDHRBFSurf
HRBFSurf
1029.94200000000,1429.27100000000,-461.73000000000,0.00000000000,0.00000000000,1.00000000000
1808.22100000000,1453.91800000000,-590.30000000000,0.00000000000,0.00000000000,1.00000000000
626.73700000000,1865.70300000000,-484.10000000000,0.00000000000,0.00000000000,1.00000000000
447.82990000000,1917.59610000000,-457.45532226563,0.00000000000,0.00000000000,1.00000000000
897.75050000000,2084.84050000000,-467.10498046875,0.00000000000,0.00000000000,1.00000000000
1122.59750000000,2168.76720000000,-482.35766601563,0.00000000000,0.00000000000,1.00000000000
1458.37910000000,2298.56000000000,-510.68408203125,0.00000000000,0.00000000000,1.00000000000
1746.18850000000,2413.73510000000,-528.81298828125,0.00000000000,0.00000000000,1.00000000000
2026.80510000000,2510.48320000000,-541.32019042969,0.00000000000,0.00000000000,1.00000000000
2466.27320000000,2676.18030000000,-556.38598632813,0.00000000000,0.00000000000,1.00000000000
2991.12500000000,2829.36300000000,-574.31866455078,0.00000000000,0.00000000000,1.00000000000
-0.0000003342611204218179771
-0.0000780675247831794463273
-0.0000076789366680962567192
-0.0000160505729430609557810
0.0000003109580803748298105
-0.0000986014099589175077847
0.0000113500916086075166153
-0.0000136005841214694080397
0.0000044134896308328460364
-0.0002928279011330251401998
0.0001141545908353685639383
0.0000670383451880533570103
-0.0000039957270805504686091
-0.0003578490422205891485080
0.0001036259962031337364527
-0.0000553438743006254093193
-0.0000014210291954235215076
-0.0000743296118578762944921
-0.0000087681069290666614925
0.0000214924374373296046641
0.0000005128001107833955353
-0.0002236608125488408031767
-0.0000901136025881143446631
0.0000266368319894417712734
-0.0000000612332074740436694
-0.0001948674253386926415697
-0.0000545263113286358240615
0.0000247450356466198970000
0.0000000999796635953490260
-0.0001580671868841229395046
-0.0000445072631049006246242
0.0000139374854175019541645
0.0000003249363821210581620
-0.0001007408713992352411763
-0.0000280994309432201209607
0.0000093715511220809879155
0.0000000378221910658659280
-0.0000607207366511296236155
-0.0000200972046595811600035
0.0000035918213467802967007
0.0000001098844940507521083
-0.0000286544178864737500976
-0.0000099672720688359115691
-0.0001122456405622241200565
ENDHRBFSurf
HRBFSurf
447.82990000000,1917.59610000000,-457.45532226563,0.00000000000,0.00000000000,1.00000000000
897.75050000000,2084.84050000000,-457.45532226563,0.00000000000,0.00000000000,1.00000000000
1122.59750000000,2168.76720000000,-457.45532226563,0.00000000000,0.00000000000,1.00000000000
1458.37910000000,2298.56000000000,-457.45532226563,0.00000000000,0.00000000000,1.00000000000
1746.18850000000,2413.73510000000,-457.45532226563,0.00000000000,0.00000000000,1.00000000000
2026.80510000000,2510.48320000000,-457.45532226563,0.00000000000,0.00000000000,1.00000000000
2466.27320000000,2676.18030000000,-457.45532226563,0.00000000000,0.00000000000,1.00000000000
2991.12500000000,2829.36300000000,-457.45532226563,0.00000000000,0.00000000000,1.00000000000
0.0000000000000000000000000
0.0000000000000000000000000
0.0000000000000000000000000
-0.0001233698456319357495033
0.0000000000000000000000000
0.0000000000000000000000000
0.0000000000000000000000000
0.0000000032060413747293633
0.0000000000000000000000000
0.0000000000000000000000000
0.0000000000000000000000000
0.0000000201924357013671688
0.0000000000000000000000000
0.0000000000000000000000000
0.0000000000000000000000000
0.0000000468811154446358521
0.0000000000000000000000000
0.0000000000000000000000000
0.0000000000000000000000000
-0.0000000991875897471732346
0.0000000000000000000000000
0.0000000000000000000000000
0.0000000000000000000000000
0.0000001209482598483962124
0.0000000000000000000000000
0.0000000000000000000000000
0.0000000000000000000000000
-0.0000002373558703547420599
0.0000000000000000000000000
0.0000000000000000000000000
0.0000000000000000000000000
-0.0001232347342634890739483
ENDHRBFSurf
HRBFSurf
447.82990000000,1917.59610000000,-457.45532226563,0.00000000000,0.00000000000,1.00000000000
897.75050000000,2084.84050000000,-457.45532226563,0.00000000000,0.00000000000,1.00000000000
1122.59750000000,2168.76720000000,-457.45532226563,0.00000000000,0.00000000000,1.00000000000
1458.37910000000,2298.56000000000,-457.45532226563,0.00000000000,0.00000000000,1.00000000000
1746.18850000000,2413.73510000000,-457.45532226563,0.00000000000,0.00000000000,1.00000000000
2026.80510000000,2510.48320000000,-457.45532226563,0.00000000000,0.00000000000,1.00000000000
2466.27320000000,2676.18030000000,-457.45532226563,0.00000000000,0.00000000000,1.00000000000
2991.12500000000,2829.36300000000,-457.45532226563,0.00000000000,0.00000000000,1.00000000000
0.0000000000000000000000000
0.0000000000000000000000000
0.0000000000000000000000000
-0.0001233698456319357495033
0.0000000000000000000000000
0.0000000000000000000000000
0.0000000000000000000000000
0.0000000032060413747293633
0.0000000000000000000000000
0.0000000000000000000000000
0.0000000000000000000000000
0.0000000201924357013671688
0.0000000000000000000000000
0.0000000000000000000000000
0.0000000000000000000000000
0.0000000468811154446358521
0.0000000000000000000000000
0.0000000000000000000000000
0.0000000000000000000000000
-0.0000000991875897471732346
0.0000000000000000000000000
0.0000000000000000000000000
0.0000000000000000000000000
0.0000001209482598483962124
0.0000000000000000000000000
0.0000000000000000000000000
0.0000000000000000000000000
-0.0000002373558703547420599
0.0000000000000000000000000
0.0000000000000000000000000
0.0000000000000000000000000
-0.0001232347342634890739483
ENDHRBFSurf
ENDHRBFSurfList
ENDREGION
