SurfList
Surf
2164.25600000000,736.30700000000,111.21000000000,0.00000000000,0.00000000000,1.00000000000
1029.94200000000,1429.27100000000,112.27000000000,0.00000000000,0.00000000000,1.00000000000
2475.89800000000,1449.97300000000,112.90000000000,0.00000000000,0.00000000000,1.00000000000
1808.22100000000,1453.91800000000,112.70000000000,0.00000000000,0.00000000000,1.00000000000
626.73700000000,1865.70300000000,99.90000000000,0.00000000000,0.00000000000,1.00000000000
2756.37100000000,2047.56000000000,105.80000000000,0.00000000000,0.00000000000,1.00000000000
3032.92100000000,2741.74800000000,98.10000000000,0.00000000000,0.00000000000,1.00000000000
917.79600000000,1218.77600000000,113.20000000000,0.00000000000,0.00000000000,1.00000000000
1304.39000000000,2105.35900000000,97.77000000000,0.00000000000,0.00000000000,1.00000000000
1895.38900000000,2114.78500000000,105.82200000000,0.00000000000,0.00000000000,1.00000000000
2463.07000000000,2946.60000000000,102.92000000000,0.00000000000,0.00000000000,1.00000000000
1792.93700000000,3628.76000000000,89.68000000000,0.00000000000,0.00000000000,1.00000000000
0.0000000022823565486036171
0.0000003060587947426807067
0.0000010838521573523929139
-0.0000638524138325530894126
0.0000000036982867125743040
0.0000018888738360932805531
-0.0000261494079777791029373
0.0000232141362837075704729
-0.0000000290354700415156284
-0.0000032060339503947283692
-0.0000066690359907536004680
-0.0000056389178713635605681
-0.0000000270822606707377241
0.0000027817249946724296127
-0.0000081350872968355513305
0.0000242809211550947995936
0.0000000521196438275868193
0.0000059879651761008705941
-0.0000166230506155362712053
-0.0000482850385440646440996
0.0000000028932657817038652
-0.0000051718512709871813579
-0.0000135181019058524698760
-0.0000035749668238415620731
0.0000000370837394959391630
-0.0000068125501622139648158
-0.0000034970031288198669641
-0.0000555088114746816102324
-0.0000000820211238261751049
0.0000009782175081173129981
-0.0000088193803686096948870
-0.0000506327593671004763751
0.0000000709226397743175179
0.0000092994635463757465397
-0.0000125142906644664074636
0.0000179769103090392199664
-0.0000000174462972035981248
0.0000116917688283445963182
-0.0000093771177827532298672
0.0000276782401101353723704
-0.0000000305247310886881685
-0.0000027483701725673786946
-0.0000055385221009936947041
0.0000161962189101924283361
0.0000000169191804653143884
0.0000042060840451989196424
-0.0000053254158028190082423
-0.0000663042338276769143823
ENDSurf
ENDSurfList
